-0.2928	-0.3616
1.1964	0.4874
-0.5019	-0.2494
-0.5605	-0.0225
-0.2673	-0.1245
0.0005	-0.2086
0.9847	-0.2774
-0.5452	0.4415
-0.4356	0.2044
-0.2341	0.0718
0.1024	-0.0531
-0.1321	-0.2978
1.2448	0.4364
-0.4636	-0.2927
-0.5911	0.2222
-0.3820	0.0106
-0.0607	-0.0684
0.1432	-0.2545
0.8955	0.0565
1.2321	-0.0735
0.9516	-0.2341
-0.1831	0.4695
0.0540	0.1738
0.4161	-0.2061
0.6405	0.0336
1.0816	-0.0327
1.3239	-0.1143
-0.4713	0.4338
-0.3667	0.2044
-0.1372	0.0922
0.1968	-0.0964
1.3953	0.0540
-0.3744	-0.3667
1.2907	0.4619
-0.2545	-0.3641
1.0102	0.3854
1.4004	0.1126
-0.4407	-0.3157
0.1509	0.2324
0.5589	-0.2749
-0.3132	0.5307
-0.1245	0.2630
0.1713	0.0055
-0.0021	-0.3131
0.9057	0.1407
1.1989	0.0157
1.3672	0.0718
-0.5656	0.3574
-0.4228	0.1203
-0.1525	0.0081
0.1917	-0.1423
1.0459	0.3370
1.2142	0.3650
1.3927	-0.0531
-0.5044	-0.2749
-0.4764	0.3523
-0.3565	0.1534
-0.0964	0.0463
0.2529	-0.1627
0.9643	0.0973
1.2576	0.0004
1.2907	-0.2316
-0.6625	0.0183
-0.4917	-0.0327
-0.1704	-0.1117
0.0489	-0.2341
1.0408	0.3472
1.2295	0.3778
0.6762	-0.0811
0.8904	-0.1245
0.7450	-0.0760
0.8955	-0.1398
0.6405	-0.0123
1.0587	-0.1270
1.0000	-0.2239
-0.1398	0.4364
0.1356	0.0948
0.3651	-0.2902
0.1968	0.3166
0.6507	-0.3182
-0.6447	0.3854
-0.4713	0.2120
-0.2724	0.0412
0.0540	-0.0633
-0.0505	-0.2953
0.9924	0.3166
1.1632	0.3242
1.2474	0.3548
1.0153	-0.2774
-0.5427	0.4236
-0.4152	0.1967
-0.1933	0.0693
0.1509	-0.0760
-0.6217	0.1203
-0.3820	-0.0531
-0.0454	-0.1245
-0.1143	-0.2851
1.3468	0.3676
-0.3234	-0.3616
1.2091	0.4772
-0.4789	-0.2800
-0.6090	0.1228
-0.3591	-0.0505
-0.0072	-0.1143
-0.1908	-0.2851
0.6660	-0.0939
0.8955	-0.1143
0.7552	-0.0939
0.8649	-0.1296
0.7017	-0.0429
1.0179	-0.1525
0.6277	-0.0302
1.0587	-0.1092
1.0204	-0.2469
-0.2341	0.4619
-0.0174	0.1967
0.3370	-0.1296
0.9796	0.0310
1.2933	-0.0811
0.5206	0.0310
1.0255	0.0795
1.3035	0.0387
1.2882	-0.2647
-0.6396	-0.0302
-0.4993	-0.0149
-0.1959	-0.1041
0.0489	-0.2137
1.0995	0.4109
0.9694	-0.2545
-0.4203	0.4746
-0.2851	0.2630
-0.0862	0.1126
0.2656	-0.1270
0.9924	0.1891
1.1989	0.0948
1.3213	0.2426
0.8139	-0.1806
0.2937	0.2120
0.4875	-0.3310
-0.5631	0.4874
-0.3820	0.2860
-0.2239	0.1228
0.0872	-0.0098
0.0897	-0.2953
0.8649	0.0591
1.2142	-0.1092
0.9541	-0.2188
-0.1474	0.4542
0.1228	0.1254
0.4161	-0.2723
0.1330	0.3497
0.6201	-0.2570
-0.2469	0.5103
-0.0123	0.2120
0.3651	-0.1245
0.9745	0.0055
1.2780	-0.1219
0.0897	0.3115
0.5002	-0.1908
0.5920	0.0642
1.0485	0.0871
1.3086	0.0693
1.3035	-0.2545
-0.6319	-0.0684
-0.4993	-0.0072
-0.2112	-0.1092
0.0387	-0.2163
1.1683	0.4466
-0.5095	0.3803
-0.3820	0.1560
-0.1372	0.0540
0.2044	-0.1423
1.0408	0.3217
1.1734	0.3319
1.3035	0.3574
-0.2953	0.4415
-0.1500	0.2248
0.1432	0.0157
0.0948	-0.2902
0.8598	0.0514
1.2142	-0.1117
0.9261	-0.2163
-0.0607	0.4134
0.2809	0.0055
-0.6166	0.1228
-0.3744	-0.0403
-0.0429	-0.1168
-0.1092	-0.2749
1.3264	0.3880
-0.3336	-0.3539
1.3315	0.4160
-0.2265	-0.3794
0.9388	0.2936
1.1275	0.2656
1.2040	0.2554
1.2295	0.3064
1.3264	0.3548
-0.4764	0.3880
-0.3591	0.1662
-0.1168	0.0514
0.2350	-0.1474
0.9745	0.1662
1.2142	0.0616
1.3519	0.2120
0.0132	0.3395
0.3982	-0.0939
0.9873	0.0055
1.2958	-0.1117
0.0948	0.3064
0.5104	-0.1959
0.5053	0.1203
1.4029	0.2656
-0.3310	-0.3514
1.2168	0.4976
-0.4101	-0.2978
-0.3081	0.4058
-0.1627	0.2095
0.1330	0.0106
0.0744	-0.2978
0.8649	0.0591
1.2321	-0.0964
1.0281	-0.2545
-0.4024	0.4746
-0.2775	0.2477
-0.0607	0.0948
0.2962	-0.1653
0.9567	0.0234
1.2754	-0.1041
0.3957	0.1279
-0.3591	-0.2723
-0.5860	0.0106
-0.3004	-0.0964
-0.0021	-0.1729
-0.4993	0.3803
-0.3897	0.1458
-0.1347	0.0438
0.2248	-0.1321
1.0230	0.2758
1.1581	0.2503
1.2219	0.2758
1.2856	0.3421
0.3268	0.1458
0.1534	-0.3029
0.7119	0.0514
1.1199	-0.0837
1.2652	-0.2392
-0.6090	0.2834
-0.4356	0.0820
-0.1627	-0.0302
0.1611	-0.1806
0.9873	0.2452
1.1607	0.1662
1.2678	0.2350
1.3366	0.3166
-0.3540	0.4389
-0.2163	0.2273
0.0285	0.0489
0.3243	-0.2392
0.6787	0.0336
1.0995	-0.0811
1.2627	-0.2341
-0.5911	0.3344
-0.4305	0.1203
-0.1704	-0.0047
0.1764	-0.1551
1.0281	0.3191
1.1683	0.3089
1.2193	0.3344
1.3392	0.3446
-0.5911	0.2426
-0.4152	0.0412
-0.1143	-0.0607
0.1458	-0.2214
0.9388	0.1177
1.2423	-0.0021
1.3851	-0.0352
-0.6421	0.0718
-0.4432	-0.0251
-0.1347	-0.1168
0.0234	-0.2469
1.0281	0.3472
1.2040	0.3752
1.4080	0.0795
-0.4993	-0.2723
-0.4764	0.3523
-0.3412	0.1407
-0.0760	0.0234
0.2580	-0.1882
0.9388	0.0310
1.2576	-0.1245
0.4237	0.0973
-0.3361	0.4160
-0.2112	0.2120
0.0515	0.0463
0.3064	-0.2647
0.5997	0.0769
1.0536	0.1203
1.2856	0.0820
1.3927	-0.0098
-0.6192	-0.0709
-0.4789	-0.0505
-0.1806	-0.1296
-0.0123	-0.2367
1.2193	0.4568
-0.6064	-0.1168
-0.4356	-0.1092
-0.1551	-0.1755
-0.1933	-0.2672
-0.4203	0.4134
-0.3106	0.2120
-0.1015	0.0846
0.2529	-0.1372
1.0000	0.2044
1.1964	0.1126
1.3239	0.2477
0.8878	-0.2137
-0.0429	0.4083
0.3115	-0.0098
1.2295	-0.3157
-0.6217	-0.1729
-0.5784	0.0999
-0.3106	-0.0480
0.0209	-0.1321
-0.5019	-0.1959
-0.3463	-0.2035
-0.1831	-0.2341
-0.5478	-0.1321
-0.3055	-0.1831
-0.1143	-0.2367
-0.5427	0.3574
-0.4101	0.1305
-0.1500	0.0285
0.1942	-0.1423
1.0740	0.3548
1.3111	0.3446
-0.6523	0.1713
-0.4407	-0.0123
-0.1117	-0.0913
0.0948	-0.2443
0.9516	0.1815
1.1887	0.0616
1.3519	0.1840
0.0387	0.3268
0.4263	-0.1347
0.9388	-0.0633
1.1275	-0.2239
-0.2086	0.4466
0.0030	0.1764
0.3855	-0.1653
0.9057	-0.0403
1.1250	-0.2188
-0.0760	0.4134
0.2452	0.0310
-0.2265	-0.3029
0.8751	-0.2239
-0.1321	0.4568
0.1560	0.0948
0.3574	-0.2978
0.0948	0.3752
0.5895	-0.2137
0.2121	0.2936
0.6303	-0.3182
-0.6600	0.3752
-0.4917	0.2069
-0.2775	0.0489
0.0489	-0.0582
-0.0097	-0.2927
0.9388	0.2171
1.1505	0.1203
1.2907	0.2146
1.3953	-0.0021
-0.5733	-0.1959
-0.5554	0.0055
-0.2673	-0.1015
0.0387	-0.1806
1.0051	-0.2851
-0.6013	0.3931
-0.4560	0.1713
-0.2137	0.0387
0.1203	-0.0888
-0.6319	0.0259
-0.3616	-0.1041
-0.0378	-0.1653
-0.4509	-0.2367
-0.3795	-0.2137
-0.2341	-0.2443
-0.4152	-0.2290
-0.3310	-0.2239
-0.2698	-0.2519
-0.4305	-0.2265
-0.3157	-0.2367
-0.2775	-0.2545
-0.4509	-0.2086
-0.2928	-0.2188
-0.2469	-0.2596
-0.5376	-0.1653
-0.2928	-0.2061
-0.1296	-0.2469
-0.5911	0.3268
-0.4407	0.0871
-0.1423	-0.0098
0.2121	-0.1653
0.9822	0.1865
1.1913	0.1152
1.3162	0.2171
0.4696	0.0489
1.0842	0.3497
1.2270	0.3752
0.9388	-0.2341
-0.3081	0.4797
-0.1423	0.2477
0.1356	0.0259
0.1713	-0.3004
0.7195	0.0412
1.1224	-0.0913
1.1709	-0.2723
-0.5784	0.3752
-0.4509	0.1305
-0.1908	0.0183
0.1509	-0.1321
1.3927	0.0846
-0.3591	-0.3769
1.2168	0.4746
-0.4024	-0.3157
-0.0582	0.3574
0.2733	-0.0021
-0.6319	0.1611
-0.4024	-0.0327
-0.0684	-0.1092
0.0209	-0.2723
0.9618	0.2554
1.1479	0.1738
1.2525	0.2222
1.3570	0.2656
-0.6243	0.2248
-0.4381	0.0208
-0.1143	-0.0607
0.1305	-0.2316
0.9490	0.1483
1.2219	0.0208
1.3672	0.0616
-0.6192	0.2554
-0.4356	0.0489
-0.1398	-0.0429
0.1560	-0.2086
0.9592	0.1636
1.2117	0.0514
1.3570	0.1687
-0.3157	0.4517
-0.1908	0.2299
0.0744	0.0463
0.3141	-0.2647
0.5487	0.1177
1.1964	0.4262
-0.0735	0.3829
0.2427	0.0208
-0.2673	-0.3029
0.0591	0.2860
0.4798	-0.1857
0.6864	0.0132
1.0995	-0.1066
1.0663	-0.2519
-0.3820	0.4772
-0.2571	0.2477
-0.0480	0.0973
0.3217	-0.1653
0.9312	-0.0098
1.2244	-0.1780
-0.0072	0.3752
0.3600	-0.0633
1.0077	0.1789
1.2244	0.0871
1.3366	0.2324
0.1866	0.2503
0.5512	-0.2825
-0.3540	0.5358
-0.1729	0.2681
0.0922	0.0616
0.3370	-0.2723
0.4288	0.1815
-0.0199	-0.3208
0.8904	0.1330
1.2040	-0.0021
1.3749	0.0157
-0.6192	0.2605
-0.4279	0.0616
-0.1423	-0.0505
0.1585	-0.2035
0.9516	0.1585
1.2117	0.0463
1.3545	0.1738
-0.3132	0.4466
-0.1831	0.2222
0.1024	0.0259
0.2376	-0.2876
0.6532	0.0693
1.0893	0.0106
1.3392	-0.0149
-0.0505	0.3752
0.2835	-0.0149
0.1738	0.2299
0.5614	-0.2902
-0.4305	0.5282
-0.2749	0.2936
-0.0888	0.1356
0.2631	-0.1066
1.0332	0.2860
1.1581	0.2324
1.2270	0.2707
1.2907	0.3523
0.8241	-0.1882
0.2019	0.2732
0.5895	-0.3055
-0.5376	0.4874
-0.3897	0.2630
-0.2061	0.1203
0.1075	-0.0225
-0.0327	-0.2978
0.9490	0.2426
1.1377	0.1611
1.2627	0.2120
1.3392	0.3089
-0.4024	0.4185
-0.2724	0.2146
-0.0505	0.0744
0.3039	-0.1831
0.9184	-0.0174
1.2117	-0.1908
0.0005	0.3650
0.3778	-0.0709
0.9975	0.0922
1.2933	0.0106
1.2678	-0.2774
-0.6549	0.0310
-0.4917	-0.0098
-0.1729	-0.0939
0.0515	-0.2290
1.0408	0.3548
1.2295	0.3803
0.6813	-0.0913
0.8878	-0.1168
0.7552	-0.0913
0.8776	-0.1321
0.6634	-0.0327
1.0485	-0.1474
0.7756	-0.1219
0.7144	-0.0505
1.0102	-0.1653
0.5436	0.0412
1.0281	0.0642
1.3264	0.0285
1.1836	-0.3080
-0.6421	0.1432
-0.4687	0.0336
-0.1704	-0.0633
0.1075	-0.2035
1.0077	0.2962
1.1377	0.2350
1.2142	0.2350
1.2448	0.3140
1.3264	0.3778
-0.3055	0.4211
-0.1423	0.2044
0.1611	-0.0123
-0.2137	-0.2978
1.0306	-0.3029
-0.6243	0.3166
-0.4764	0.1126
-0.1984	-0.0149
0.1356	-0.1449
1.2856	0.4287
-0.5223	-0.2316
-0.5529	-0.0098
-0.2775	-0.1245
0.0107	-0.1984
1.0612	-0.3004
-0.6625	0.2350
-0.4968	0.0667
-0.2035	-0.0429
0.1305	-0.1729
1.1148	0.4083
1.1989	-0.3055
-0.6676	-0.0505
-0.5299	0.0004
-0.2239	-0.1015
0.0540	-0.2112
1.1964	0.4415
-0.6396	0.1101
-0.4305	-0.0531
-0.0939	-0.1219
-0.0199	-0.2621
1.0638	0.3931
1.4004	0.0514
-0.4764	-0.3055
-0.1449	0.3880
0.0897	0.1050
0.4135	-0.2621
0.2121	0.3217
0.6507	-0.3284
-0.6906	0.3166
-0.5095	0.1865
-0.2775	0.0285
0.0464	-0.0811
-0.1194	-0.2978
1.1964	0.4466
-0.6115	-0.1117
-0.4483	-0.1296
-0.1500	-0.1831
-0.2265	-0.2800
-0.5835	0.2987
-0.4101	0.0693
-0.1117	-0.0225
0.2146	-0.1959
0.9388	0.0718
1.2550	-0.0327
1.0944	-0.2672
-0.5758	0.3956
-0.4509	0.1585
-0.2061	0.0336
0.1305	-0.0964
-0.5529	0.3395
-0.4203	0.1024
-0.1372	0.0055
0.2019	-0.1704
0.9873	0.2120
1.1760	0.1254
1.2907	0.2426
1.2550	-0.2800
-0.6549	-0.0735
-0.5223	-0.0072
-0.2214	-0.1143
0.0489	-0.2112
1.2015	0.4415
-0.6370	0.1815
-0.4228	-0.0047
-0.1015	-0.0913
0.0897	-0.2469
0.9414	0.1713
1.1964	0.0591
1.3443	0.1687
-0.1551	0.4058
0.1050	0.1152
0.4135	-0.2749
0.2248	0.3140
0.6507	-0.3284
-0.7008	0.2758
-0.5248	0.1738
-0.2902	0.0106
0.0387	-0.0913
-0.1398	-0.3004
1.3468	0.3319
-0.2979	-0.3692
1.0638	0.4338
0.1611	0.2630
0.5410	-0.2723
-0.1959	0.5103
0.0719	0.1840
0.4416	-0.2188
0.5232	0.1126
1.2474	0.4236
-0.6472	0.0820
-0.4279	-0.0556
-0.0939	-0.1245
-0.0582	-0.2774
1.1403	0.4364
-0.3897	0.4440
-0.2826	0.2324
-0.0709	0.1075
0.2911	-0.1372
0.9720	0.0948
1.2703	0.0106
1.2576	-0.2596
-0.6676	0.0565
-0.4891	-0.0200
-0.1653	-0.1015
0.0693	-0.2214
1.0179	0.3242
1.1734	0.3319
1.2831	0.3574
-0.1525	0.4083
0.0948	0.1177
0.4110	-0.2672
0.2656	0.2758
0.6328	-0.3539
-0.7237	0.0795
-0.5325	0.2248
-0.3361	0.0361
-0.0072	-0.0454
0.1381	-0.2749
0.8674	0.0336
1.2142	-0.1092
0.7425	-0.1143
0.7450	-0.0684
0.9592	-0.1653
0.4951	0.0769
1.0816	0.3472
1.1964	0.3599
1.3494	0.3395
-0.6243	0.0591
-0.4152	-0.0505
-0.1015	-0.1296
-0.0658	-0.2647
1.2448	0.4619
-0.5325	-0.2214
-0.5427	-0.0505
-0.2545	-0.1449
-0.0097	-0.2137
1.3723	-0.0939
-0.3922	-0.3590
1.2831	0.4670
-0.2520	-0.3616
1.0128	0.3854
1.4055	0.0055
-0.4509	-0.3131
0.5385	-0.0149
1.0459	-0.0123
1.3239	-0.0964
-0.1959	0.4287
0.0183	0.1509
0.3931	-0.1959
0.7731	-0.0327
1.0944	-0.1831
0.4059	0.1203
-0.5376	-0.1296
-0.3489	-0.1576
-0.1296	-0.2112
-0.5631	-0.1015
-0.3132	-0.1602
-0.0811	-0.2239
-0.5248	0.3650
-0.3973	0.1305
-0.1321	0.0387
0.2172	-0.1372
1.0255	0.2987
1.1556	0.2656
1.2168	0.3064
1.3392	0.3064
-0.6319	0.1942
-0.4279	0.0081
-0.1015	-0.0760
0.1101	-0.2316
0.9388	0.1585
1.2168	0.0463
1.3596	0.1356
-0.4305	0.4262
-0.3183	0.2120
-0.0888	0.0820
0.2631	-0.1398
0.9796	0.1687
1.2219	0.0565
1.3647	0.1891
-0.3667	0.4415
-0.2418	0.2350
-0.0097	0.0744
0.3268	-0.2112
0.8241	-0.0174
1.1301	-0.1857
0.2554	0.2299
0.5181	-0.3284
-0.5707	0.4797
-0.4177	0.2681
-0.2418	0.1126
0.0591	-0.0149
0.1636	-0.2800
0.8139	0.0259
1.1734	-0.1423
0.7246	-0.0913
0.8598	-0.1143
0.7450	-0.0862
0.8878	-0.1423
0.6175	-0.0123
1.0638	-0.1066
1.1301	-0.2596
-0.4483	0.4389
-0.3157	0.2197
-0.0939	0.0948
0.2478	-0.1321
0.9975	0.2197
1.1887	0.1177
1.3060	0.2503
1.3978	-0.0684
-0.5376	-0.2163
-0.5580	0.1611
-0.3336	-0.0225
0.0056	-0.1041
-0.1831	-0.2876
1.0255	-0.2927
-0.6217	0.3574
-0.4687	0.1432
-0.2137	0.0106
0.1279	-0.1219
0.4314	0.0718
1.2219	-0.3080
-0.6217	-0.1449
-0.5733	0.0540
-0.2851	-0.0735
0.0387	-0.1576
-0.4993	0.3880
-0.3820	0.1611
-0.1423	0.0616
0.1993	-0.1194
1.1632	0.4185
0.0056	0.3472
0.3778	-0.0888
0.9975	0.0897
1.2780	0.0055
1.1556	-0.2978
-0.6549	0.2350
-0.4789	0.0540
-0.1831	-0.0607
0.1356	-0.1908
1.0128	0.2911
1.1479	0.2605
1.2142	0.2860
1.2831	0.3574
0.8241	-0.1831
0.2452	0.2605
0.5716	-0.3208
-0.6217	0.4185
-0.4483	0.2401
-0.2571	0.0718
0.0489	-0.0454
0.0693	-0.2876
0.9031	0.0922
1.2270	-0.0480
1.2729	-0.2545
-0.6625	0.1050
-0.4815	-0.0098
-0.1704	-0.0939
0.0795	-0.2239
0.9898	0.2732
1.1454	0.2299
1.2193	0.2452
1.2652	0.3344
1.3647	-0.1755
-0.5299	-0.2519
-0.4993	0.3191
-0.3489	0.1152
-0.0735	0.0081
0.2503	-0.2061
0.9159	0.0106
1.2372	-0.1500
0.2452	0.2120
0.5130	-0.3233
-0.5580	0.4950
-0.3922	0.2809
-0.2316	0.1203
0.0770	-0.0149
0.1279	-0.2800
0.8368	0.0310
1.1938	-0.1321
0.7425	-0.1219
0.7323	-0.0684
0.9771	-0.1755
0.4951	0.0693
1.0714	0.3344
1.1658	0.3140
1.2091	0.3319
1.2780	0.3880
0.8037	-0.1729
0.3472	0.1891
0.2988	-0.3259
0.1279	0.3625
0.6150	-0.2519
-0.1576	0.4772
0.1636	0.1126
0.3804	-0.2953
0.1050	0.3752
0.5971	-0.2316
0.0540	0.3854
0.4977	-0.1551
0.7782	-0.0480
1.0587	-0.1933
0.3319	0.1636
0.2376	-0.3157
0.3931	0.2171
0.3370	-0.3361
-0.1500	0.5001
0.2044	0.1024
0.3090	-0.2978
0.3064	0.2707
0.6099	-0.3565
-0.7237	0.0412
-0.4968	0.2962
-0.3387	0.0871
-0.0403	-0.0072
0.2427	-0.2341
0.8674	0.0055
1.1938	-0.1729
0.2860	0.1891
0.4288	-0.3361
-0.3948	0.5358
-0.2061	0.2911
0.0209	0.1024
0.3625	-0.2239
0.7017	0.0259
1.1046	-0.1041
1.1250	-0.2672
-0.5019	0.4313
-0.3871	0.2018
-0.1653	0.0744
0.1764	-0.0939
0.9006	-0.2265
-0.1806	0.4670
0.0719	0.1534
0.4390	-0.2316
0.4161	0.1916
0.0922	-0.3233
0.7705	0.0540
1.1530	-0.1092
1.1250	-0.2698
-0.5401	0.4058
-0.4024	0.1815
-0.1857	0.0463
0.1636	-0.1066
1.0536	-0.3055
-0.6549	0.2732
-0.4942	0.0820
-0.2035	-0.0327
0.1432	-0.1551
1.1683	0.4287
-0.2979	0.4466
-0.1729	0.2222
0.1126	0.0310
0.2376	-0.2851
0.6175	0.0718
1.0612	0.0769
1.3162	0.0693
1.1913	-0.3080
-0.6625	0.0973
-0.4917	0.0004
-0.1780	-0.0888
0.0922	-0.2086
1.0153	0.3140
1.1607	0.2962
1.2219	0.3421
1.3698	0.2936
-0.6217	-0.0505
-0.4407	-0.0837
-0.1321	-0.1423
-0.1143	-0.2570
1.2652	-0.2902
-0.5427	-0.2774
-0.3081	0.4083
-0.1729	0.2146
0.1101	0.0259
0.2172	-0.2876
0.6507	0.0591
1.0791	-0.0021
1.3366	-0.0327
-0.1525	0.4185
0.1050	0.1126
0.3957	-0.2800
0.1968	0.3319
0.6456	-0.3131
-0.6141	0.4211
-0.4713	0.2120
-0.2673	0.0565
0.0617	-0.0480
0.0081	-0.2978
0.9184	0.1636
1.1964	0.0489
1.3545	0.1611
-0.0888	0.3803
0.2223	0.0310
-0.0531	-0.3004
0.9567	0.2707
1.1326	0.1942
1.2321	0.2069
1.2882	0.3344
1.2550	-0.3055
-0.6294	-0.1194
-0.5452	0.0336
-0.2571	-0.0735
0.0489	-0.1780
1.1275	-0.3106
-0.6829	0.0667
-0.5121	0.0157
-0.1984	-0.0811
0.0872	-0.2035
1.0842	0.3880
1.4055	0.0871
-0.4764	-0.3004
-0.2367	0.3956
-0.0505	0.1738
0.2988	-0.1143
0.9924	0.1611
1.2321	0.0744
1.3698	0.1967
-0.3820	0.4338
-0.2545	0.2299
-0.0148	0.0718
0.3166	-0.2112
0.8445	-0.0327
1.1301	-0.2086
0.1407	0.2936
0.5410	-0.2519
0.0336	0.4083
0.4671	-0.1245
0.9388	-0.0837
