0.8062	-0.2265
0.4518	-0.0021
0.2095	0.0438
-0.3387	-0.1449
-0.6064	-0.1423
-0.7849	-0.0505
1.2117	-0.2927
1.0459	0.0081
0.6813	-0.0276
0.2835	0.2350
-0.1704	0.0463
-0.5223	0.0922
-0.5911	0.2426
0.8623	-0.3922
0.7272	-0.1984
0.2350	0.1509
-0.2851	0.0004
-0.5988	0.0361
-0.6013	0.2579
1.0714	-0.4330
1.1097	-0.1678
0.9286	-0.1041
0.6507	-0.0939
0.1560	0.2707
0.0107	0.0259
-0.4050	0.0055
-0.6676	0.0336
-0.1831	0.2273
-0.0837	0.1305
-0.3871	0.1611
-0.4687	0.2426
0.2554	-0.0429
-0.4203	-0.3794
-0.7467	-0.3412
1.2142	0.0871
0.8853	0.1050
0.5104	0.1356
-0.3948	-0.3998
-0.8308	-0.0939
0.9082	0.3166
-0.6523	-0.5196
0.6507	0.3115
-0.1908	-0.1959
-0.5070	-0.2392
-0.7084	-0.2647
-0.2214	0.2707
0.1585	0.0004
-0.3463	-0.1398
-0.6090	-0.1372
-0.7824	-0.0888
1.1122	-0.3769
1.0867	-0.0939
0.8445	-0.0888
0.4212	0.0412
-0.5631	-0.4712
1.2499	-0.1347
0.9337	0.0412
0.5104	0.0693
-0.8181	-0.1500
0.6915	0.3472
-0.1627	-0.1831
-0.4993	-0.2341
-0.7008	-0.2519
-0.2953	0.3038
0.4773	-0.1959
0.0489	0.3523
0.6864	-0.3565
0.0948	0.2120
-0.1908	0.1075
-0.4764	0.1687
-0.3591	0.2656
0.1840	-0.0021
-0.3540	-0.1959
-0.5962	-0.2035
-0.7875	-0.1780
1.0255	-0.4049
1.0689	-0.1933
0.9465	-0.1296
0.7221	-0.1296
0.2070	0.1891
-0.2443	0.0463
-0.5529	0.1101
-0.4636	0.2809
0.6430	-0.2800
0.0209	0.2707
0.1126	0.0004
-0.3642	-0.1015
-0.6319	-0.1015
-0.7773	0.0565
1.2448	-0.1015
0.9694	0.0718
0.5614	0.0667
0.3294	-0.0302
-0.6804	-0.4585
0.9516	0.2783
0.5283	-0.1576
0.0617	0.3395
0.6073	-0.3080
-0.0888	0.3472
0.7603	-0.3922
0.3472	0.0234
-0.4381	-0.3947
-0.8181	-0.0633
0.9388	0.3115
-0.7875	-0.3947
0.5206	0.3523
-0.0276	-0.0480
-0.4356	-0.0735
-0.6829	-0.0709
-0.5911	0.2936
1.2372	-0.2851
1.0740	0.0336
0.6838	-0.0098
0.3090	0.2248
-0.2035	0.0157
-0.5427	0.0591
-0.6319	0.2120
0.9720	-0.4177
1.0102	-0.2647
0.9924	-0.1959
0.8878	-0.1959
0.7017	-0.1525
0.1611	0.2095
-0.1806	0.0795
-0.4968	0.1254
-0.4509	0.2732
0.4824	-0.1984
0.0387	0.3446
0.6915	-0.3616
0.1050	0.2018
-0.2239	0.0973
-0.4993	0.1611
-0.3055	0.2554
0.0922	0.0540
-0.3667	-0.0072
-0.6523	0.0361
-0.4891	0.3064
0.9235	-0.4228
0.8980	-0.2647
0.7884	-0.1933
0.3855	0.0489
-0.4509	-0.4100
-0.7849	0.1279
0.9771	0.3242
-0.8257	-0.3131
0.5028	0.3599
0.0285	-0.0531
-0.4024	-0.1143
-0.6549	-0.1245
-0.7594	0.1407
1.2372	0.0591
0.9822	0.1101
0.5716	0.0922
-0.7620	0.2197
0.8904	0.3548
-0.3693	-0.4636
0.5614	-0.2061
0.0056	0.3370
0.6226	-0.3208
-0.0556	0.3064
0.4594	-0.2035
0.0183	0.3778
0.9286	-0.4788
0.8368	-0.2596
0.6124	-0.1219
0.0948	0.2936
0.2376	-0.0862
-0.5860	-0.4508
1.2423	-0.0888
0.9082	0.0540
0.4824	0.0948
-0.5172	-0.4585
1.0128	-0.4049
1.0918	-0.2061
0.9796	-0.1321
0.8062	-0.1525
0.4059	0.0412
-0.5401	-0.4483
1.1301	-0.3794
1.0995	-0.0684
0.8266	-0.0837
0.4110	0.0667
-0.4611	-0.4202
-0.4993	0.3242
1.2729	-0.2596
1.0816	0.0514
0.6736	0.0004
0.3574	0.2146
-0.2137	-0.0352
-0.5401	0.0004
-0.6880	0.1407
1.0408	-0.4304
1.1071	-0.2061
0.9720	-0.1194
0.7527	-0.1372
0.2784	0.1305
-0.2800	-0.0709
-0.5886	-0.0403
-0.7084	0.1432
1.2219	-0.3182
1.0663	0.0208
0.6838	-0.0200
0.2784	0.2324
-0.1755	0.0259
-0.5044	0.0693
-0.5937	0.2324
0.8521	-0.3922
0.7119	-0.1959
0.2070	0.1585
-0.2698	0.0234
-0.5733	0.0871
-0.4815	0.2758
0.7450	-0.3463
0.3396	0.0387
-0.3744	-0.3310
-0.6931	-0.3565
0.7323	-0.3157
0.3421	0.0565
-0.3642	-0.3029
-0.6268	-0.3284
-0.5452	0.3242
1.2856	-0.1423
1.0587	0.0795
0.6379	0.0387
0.5844	0.1993
-0.3438	-0.3590
-0.7620	-0.3080
1.1275	0.2375
1.0000	0.1534
0.6201	0.1203
-0.3055	0.3064
0.7221	-0.3539
0.2529	0.1024
-0.3132	-0.0939
-0.6064	-0.0735
-0.7492	0.0897
1.2346	-0.2749
1.0408	0.0336
0.6507	-0.0047
0.3702	0.2248
-0.2112	-0.0327
-0.5401	0.0004
-0.6982	0.1305
1.0077	-0.4304
1.0816	-0.2265
0.9924	-0.1296
0.8266	-0.1525
0.4543	-0.0072
0.4365	-0.1143
0.4773	0.2426
-0.2163	-0.1219
-0.5223	-0.1143
-0.7390	-0.0939
0.6099	-0.2545
0.0183	0.2962
0.3090	-0.1219
1.1403	-0.3386
1.0587	-0.0505
0.7756	-0.0964
0.3141	0.1305
-0.2851	-0.1092
-0.5809	-0.1015
-0.7543	0.0132
1.1913	-0.3488
1.0791	0.0081
0.7119	-0.0505
0.2427	0.2171
-0.1882	0.0463
-0.5044	0.0948
-0.5325	0.2579
0.7654	-0.3539
0.4059	-0.0047
-0.8104	0.0540
0.7858	0.3625
-0.2112	-0.2800
-0.5886	-0.3794
-0.6472	0.2911
1.2244	0.1815
1.1250	0.0897
0.7119	0.0514
0.4645	0.1942
-0.2571	-0.1780
-0.5452	-0.1831
-0.7569	-0.1653
0.8062	-0.3386
0.5512	-0.0888
0.2325	0.2885
-0.0021	0.0081
-0.4203	-0.0149
-0.6727	0.0285
-0.2341	0.2503
0.0693	0.0489
-0.3795	-0.0072
-0.6600	0.0336
-0.4381	0.2962
0.7425	-0.3565
0.3421	0.0463
-0.3871	-0.3412
-0.6804	-0.3565
0.5614	-0.2010
0.0081	0.3421
0.6354	-0.3208
-0.0352	0.3140
0.3982	-0.1704
0.3396	0.2732
-0.1194	0.0285
-0.4815	0.0616
-0.6676	0.1636
0.6915	-0.3004
0.1866	0.1611
-0.2775	0.0489
-0.5733	0.1203
-0.4101	0.2809
0.5181	-0.2137
-0.0199	0.3599
0.8776	-0.4559
0.7144	-0.2163
0.2223	0.1560
-0.2800	0.0208
-0.5937	0.0718
-0.5248	0.2758
0.8853	-0.3973
0.7858	-0.2265
0.4441	0.0132
-0.7441	0.2248
0.9006	0.3472
-0.4177	-0.4916
1.2321	-0.1270
0.9210	0.0387
0.5002	0.0795
-0.7084	-0.4228
0.8088	0.3064
-0.4305	-0.4788
1.0918	-0.3896
1.0918	-0.1041
0.8649	-0.1066
0.4951	-0.0098
1.1122	0.1687
0.7348	0.1152
0.7323	0.1967
-0.4585	0.3268
1.2933	-0.2341
1.0918	0.0718
0.6660	0.0157
0.4033	0.2146
-0.2265	-0.0837
-0.5503	-0.0607
-0.7237	0.0412
0.9949	-0.4228
1.0689	-0.2469
1.0102	-0.1576
0.8878	-0.1704
0.6660	-0.1168
0.1075	0.2732
0.0795	-0.0149
-0.3820	-0.1143
-0.6396	-0.1015
-0.6880	0.2146
1.2831	-0.0429
1.0000	0.0973
0.5691	0.0718
0.7527	-0.3029
0.3574	0.0387
-0.4407	-0.3820
-0.7951	0.0438
0.9847	0.3242
-0.8359	-0.1194
0.5818	0.3701
-0.0429	-0.0709
-0.4279	-0.1015
-0.6829	-0.1143
-0.6039	0.2885
1.2729	-0.1959
1.0459	0.0616
0.6405	0.0157
0.5053	0.1967
-0.2647	-0.2341
-0.5605	-0.2647
-0.7696	-0.1704
1.2550	-0.0888
0.9490	0.0795
0.5079	0.0795
-0.7339	-0.3973
0.7680	0.3242
-0.2851	-0.3590
-0.7875	-0.2953
0.9975	0.2885
0.5359	-0.1653
0.0387	0.3472
0.6915	-0.3769
0.1356	0.1713
-0.2647	0.0718
-0.5325	0.1483
-0.2647	0.2452
0.0336	0.0871
-0.3795	0.0616
-0.6192	0.1483
0.0362	0.1126
-0.3565	0.0973
-0.5835	0.1815
0.0693	0.0820
-0.3667	0.0489
-0.6345	0.1126
-0.1959	0.2452
-0.0633	0.1152
-0.3897	0.1458
-0.5044	0.2554
0.2988	-0.0607
-0.6523	-0.4967
1.0281	0.2350
1.0791	0.1305
0.6838	0.0897
0.7654	0.1916
0.3804	-0.0607
1.2219	-0.2214
0.9694	0.0132
0.5767	0.0030
0.6787	0.2044
-0.6294	-0.4814
0.8853	0.2834
-0.8334	-0.0556
0.6405	0.3701
-0.0990	-0.1015
-0.4662	-0.1296
-0.6931	-0.1372
-0.5503	0.3115
1.2346	-0.3106
1.0791	0.0157
0.7093	-0.0174
0.2733	0.2146
-0.1933	0.0310
-0.5223	0.0820
-0.5886	0.2426
0.8904	-0.4100
0.8419	-0.2519
0.6379	-0.1117
0.0999	0.2860
0.1840	-0.0607
-0.4203	-0.3361
-0.7237	-0.3284
1.1862	-0.3259
1.0536	-0.0174
0.7119	-0.0607
0.2299	0.2222
-0.1857	0.0514
-0.5197	0.0948
-0.5299	0.2579
0.7450	-0.3361
0.3268	0.0591
-0.3514	-0.2800
-0.6192	-0.3080
-0.7594	0.1662
1.1071	0.2681
1.1326	-0.3259
1.0485	-0.0556
0.7756	-0.0888
0.2860	0.1458
-0.2877	-0.0607
-0.5886	-0.0225
-0.7059	0.1534
1.2040	-0.3463
1.0791	-0.0098
0.7348	-0.0378
0.2554	0.2044
-0.2188	0.0285
-0.5325	0.0871
-0.5350	0.2656
0.8343	-0.3871
0.6609	-0.1729
0.1101	0.2656
-0.0021	0.0412
-0.4126	0.0387
-0.6549	0.1101
0.0922	0.0744
-0.3591	0.0183
-0.6421	0.0693
-0.3616	0.2834
0.4492	-0.1729
0.1738	0.3038
0.1815	-0.0607
-0.4101	-0.3284
-0.6804	-0.3590
0.0668	0.1356
-0.3412	0.0999
-0.5809	0.1840
0.0081	0.1203
-0.3540	0.1254
-0.5529	0.2146
0.1432	0.0387
-0.3463	-0.0709
-0.6319	-0.0505
-0.7671	0.0999
1.2346	-0.2188
1.0102	0.0310
0.6328	0.0208
0.5385	0.1942
-0.2953	-0.2902
-0.5937	-0.3437
-0.7951	0.1075
1.0485	0.2936
0.1968	0.0489
-0.3387	-0.1092
-0.6064	-0.0888
-0.7773	0.0157
1.2040	-0.3004
1.0510	0.0055
0.6966	-0.0200
0.2733	0.2350
-0.1831	0.0387
-0.5197	0.0897
-0.5835	0.2452
0.8496	-0.3820
0.7017	-0.1780
0.1815	0.2044
-0.2163	0.0795
-0.5223	0.1407
-0.3948	0.2758
0.3753	-0.1219
0.8011	0.2146
0.4696	-0.1143
0.3447	0.2579
-0.1423	0.0183
-0.5095	0.0514
-0.6676	0.1687
0.7960	-0.3463
0.5028	-0.0709
0.4849	0.2248
-0.2265	-0.1423
-0.5299	-0.1500
-0.7339	-0.1525
0.1254	0.0744
-0.3489	0.0030
-0.6472	0.0463
-0.5197	0.3064
1.0000	-0.4279
1.0306	-0.2545
0.9924	-0.1576
0.8394	-0.1704
0.5206	-0.0327
0.6430	0.2095
-0.4432	-0.4508
0.3855	-0.0811
1.1964	0.0259
0.8139	0.0540
0.3982	0.1611
-0.2647	-0.1525
-0.5529	-0.1602
-0.7671	-0.1347
0.8700	-0.3769
0.7960	-0.2163
0.4314	0.0081
-0.8130	0.0387
0.7782	0.3548
-0.2163	-0.2953
-0.5809	-0.3718
-0.7263	0.2350
1.1097	0.2860
0.9694	-0.3565
1.0204	-0.2443
0.9898	-0.1831
0.8955	-0.1857
0.7042	-0.1525
0.1687	0.2171
-0.1831	0.0744
-0.4917	0.1305
-0.4407	0.2656
0.4645	-0.1780
0.1152	0.3370
0.4365	-0.2010
0.0668	0.3625
0.7552	-0.4049
0.3115	0.0514
-0.3565	-0.2647
-0.6115	-0.2902
-0.8028	0.0438
1.1148	0.2707
1.2091	-0.0684
0.8496	0.0106
0.4084	0.1152
-0.3208	-0.2672
-0.6141	-0.3157
-0.7543	0.1687
1.1173	0.2656
1.1964	-0.2316
0.9720	-0.0098
0.6124	-0.0251
0.3676	0.2401
-0.1831	-0.0123
-0.5325	0.0259
-0.6855	0.1534
0.9796	-0.4177
1.0255	-0.2672
1.0102	-0.1780
0.9057	-0.1831
0.7323	-0.1576
0.2325	0.1611
-0.2673	0.0208
-0.5733	0.0693
-0.5044	0.2809
0.8674	-0.4024
0.7527	-0.2163
0.3243	0.0820
-0.3259	-0.2086
-0.5886	-0.2367
-0.7900	-0.0990
1.2499	-0.0021
0.9363	0.0948
0.5155	0.1101
-0.5580	-0.4763
1.2448	-0.0582
0.8955	0.0693
0.4696	0.1203
-0.4024	-0.3769
-0.8079	-0.1525
0.9796	0.3013
-0.5121	0.3523
1.2652	0.1152
1.1224	0.0871
0.6966	0.0387
0.4467	0.1942
-0.2520	-0.1423
-0.5401	-0.1372
-0.7543	-0.1143
0.8062	-0.3590
0.5997	-0.1245
0.0948	0.3064
0.2988	-0.1219
1.0204	-0.3794
1.0918	-0.1908
0.9771	-0.1296
0.7960	-0.1551
0.3931	0.0463
-0.4891	-0.4228
-0.0760	0.2018
-0.1959	0.1432
-0.3897	0.1942
-0.2469	0.2120
-0.1321	0.1560
-0.3489	0.1738
-0.3438	0.2401
-0.0174	0.1152
-0.3693	0.1228
-0.5452	0.2120
0.2350	-0.0276
-0.3871	-0.3208
-0.6472	-0.3616
-0.4458	0.3370
1.1148	-0.4355
1.1275	-0.1245
0.8955	-0.0760
0.5436	-0.0098
0.6787	0.2095
-0.5911	-0.4967
1.0000	0.2732
1.2219	-0.0480
0.8572	0.0285
0.4059	0.1356
-0.3004	-0.2239
-0.5835	-0.2545
-0.7900	-0.0913
1.2295	0.1024
0.9312	0.1228
0.5410	0.1279
-0.5452	-0.4686
1.2423	-0.0327
0.8929	0.0693
0.4569	0.1203
-0.3769	-0.3488
-0.7365	-0.3055
1.2321	0.0718
0.8904	0.1075
0.5002	0.1407
-0.3846	-0.3743
-0.7951	-0.2112
1.0128	0.2860
0.7246	-0.2723
0.2554	0.1126
-0.3030	-0.0709
-0.5988	-0.0505
-0.7237	0.1330
1.2346	-0.2825
1.0485	0.0259
0.6532	-0.0072
0.3396	0.2273
-0.2035	-0.0098
-0.5274	0.0361
-0.6600	0.1840
0.9924	-0.4279
1.0587	-0.2519
1.0102	-0.1525
0.8700	-0.1729
0.6252	-0.1015
0.1330	0.2936
0.1840	-0.0505
-0.4177	-0.3131
-0.6906	-0.3233
0.6022	-0.2316
-0.0021	0.3013
0.4059	-0.1780
0.2656	0.2885
-0.0021	0.0081
-0.4177	-0.0149
-0.6676	0.0285
-0.2265	0.2528
0.0617	0.0540
-0.3769	0.0208
-0.6523	0.0616
-0.3208	0.2834
0.3523	-0.1168
1.1071	0.1509
0.7323	0.0999
0.6813	0.1764
-0.8283	-0.1755
0.6507	0.3548
-0.1321	-0.1321
-0.4738	-0.1474
-0.7008	-0.1678
-0.5350	0.3115
1.2244	-0.3361
1.0918	0.0106
0.7450	-0.0251
0.2631	0.2095
-0.2239	0.0234
-0.5478	0.0744
-0.5631	0.2630
0.8980	-0.4151
0.8521	-0.2570
0.6940	-0.1449
0.1407	0.2350
-0.1041	0.0795
-0.4611	0.1075
-0.5478	0.2375
0.5691	-0.2469
-0.0301	0.3370
0.7068	-0.3590
0.1789	0.1611
-0.2826	0.0514
-0.5809	0.1101
-0.3667	0.2860
0.4059	-0.1449
0.4441	0.2299
-0.2112	-0.0837
-0.5401	-0.0684
-0.7390	-0.0352
0.4747	-0.1525
0.2070	0.2962
0.0872	-0.0098
-0.3769	-0.0990
-0.6370	-0.0888
-0.7594	0.1126
1.2474	-0.0505
0.9796	0.0871
0.5589	0.0922
-0.7059	0.2758
0.9618	0.3421
-0.5554	-0.5298
0.7756	0.2809
-0.4611	-0.4890
1.2423	-0.1423
0.9363	0.0412
0.5079	0.0591
-0.8283	-0.1729
0.7017	0.3472
-0.1627	-0.1908
-0.5044	-0.2392
-0.7059	-0.2469
-0.1347	0.2324
-0.0709	0.1254
-0.3999	0.1483
-0.4917	0.2426
0.3090	-0.0709
-0.7977	-0.3590
0.6991	0.3242
-0.1933	-0.2265
-0.5121	-0.2800
-0.7263	-0.2876
0.1611	0.0591
-0.3387	-0.0607
-0.6345	-0.0403
-0.7365	0.1560
1.2372	-0.2188
1.0281	0.0489
0.6252	0.0132
0.5614	0.1942
-0.3132	-0.3208
-0.6396	-0.3692
-0.1729	0.2452
0.0260	0.0795
-0.3897	0.0667
-0.6421	0.1305
0.0489	0.1126
-0.3642	0.0948
-0.5937	0.1840
0.0642	0.0948
-0.3693	0.0667
-0.6294	0.1432
-0.1015	0.1891
-0.2622	0.1815
-0.3693	0.2324
-0.1143	0.1840
-0.3132	0.1967
-0.3591	0.2350
-0.0607	0.1458
-0.3744	0.1611
-0.4713	0.2503
0.1840	0.0081
-0.3387	-0.1704
-0.5937	-0.1653
-0.7773	-0.1831
0.4951	-0.1576
0.1764	0.3064
0.1305	-0.0327
-0.3693	-0.1755
-0.6115	-0.1831
-0.7900	-0.1627
0.9567	-0.3871
0.9694	-0.2443
0.9082	-0.1984
0.7348	-0.1423
0.2248	0.1738
-0.2647	0.0336
-0.5733	0.0948
-0.5095	0.2885
0.8037	-0.3743
0.5385	-0.0964
0.2554	0.2758
-0.0556	0.0285
-0.4509	0.0540
-0.6727	0.1305
0.3345	-0.0582
-0.8461	-0.2519
0.6507	0.3446
-0.1449	-0.1372
-0.4815	-0.1423
-0.7008	-0.1729
-0.7008	0.2630
1.2270	0.1203
1.0587	0.1075
0.6405	0.0693
0.8878	0.1993
0.9057	0.1738
0.7323	0.1611
1.1887	-0.2927
1.0306	-0.0098
0.6838	-0.0607
0.2197	0.2503
-0.1117	0.0591
-0.4764	0.0871
-0.5886	0.2273
0.6660	-0.2927
0.1152	0.2197
-0.1857	0.1050
-0.4789	0.1560
-0.3897	0.2681
0.2911	-0.0633
-0.6651	-0.4839
0.9898	0.2681
1.1964	-0.2010
0.9439	-0.0021
0.5614	0.0081
0.7578	0.2018
-0.2979	0.3115
0.7348	-0.3488
0.2733	0.0795
-0.3234	-0.1525
-0.5911	-0.1423
-0.7824	-0.0684
1.1454	-0.3667
1.0842	-0.0480
0.7807	-0.0760
0.3141	0.1458
-0.2775	-0.0913
-0.5860	-0.0684
-0.7569	0.0310
1.1301	-0.3896
1.0918	-0.0735
0.8215	-0.0735
0.3931	0.0820
-0.3616	-0.3157
-0.6702	-0.3463
0.1024	0.0948
-0.3387	0.0463
-0.6217	0.1024
-0.2724	0.2554
0.1126	0.0310
-0.3514	-0.0556
-0.6345	-0.0327
-0.7263	0.1840
1.2423	-0.1576
1.0102	0.0616
0.5946	0.0387
0.9235	0.2044
0.8521	0.1764
0.8062	0.1865
1.0714	0.1738
0.6915	0.1152
0.9975	0.2044
0.7195	0.1432
1.1811	0.0973
0.7654	0.0795
0.4620	0.1865
-0.2596	-0.1933
-0.5503	-0.2061
-0.7696	-0.1525
1.1709	-0.3590
1.0816	-0.0200
0.7527	-0.0633
0.2656	0.1713
-0.2571	-0.0021
-0.5682	0.0514
-0.5809	0.2579
1.0281	-0.4406
1.0893	-0.2265
0.9898	-0.1168
0.8037	-0.1525
0.4135	0.0387
-0.5835	-0.4610
1.2499	-0.0098
0.8878	0.0795
0.4492	0.1228
-0.3591	-0.3284
-0.6880	-0.3361
0.7654	-0.3284
0.4416	-0.0098
0.5844	-0.2061
-0.0199	0.3370
0.7195	-0.3769
0.2121	0.1279
-0.3081	-0.0276
-0.6064	0.0310
-0.5911	0.2605
1.1071	-0.4355
1.1224	-0.1143
0.8751	-0.0837
0.5181	0.0004
0.9720	0.2146
0.7884	0.1611
0.9286	0.2018
0.7527	0.1687
1.1887	0.1203
0.7476	0.0693
0.4747	0.1942
-0.2647	-0.2061
-0.5631	-0.2316
-0.7773	-0.1117
1.2652	-0.0327
0.9439	0.0999
0.5028	0.0922
-0.6166	-0.4686
1.0714	0.2426
0.9924	0.1713
0.6303	0.1330
-0.3642	0.3166
1.0306	-0.4712
1.1199	-0.2443
1.0077	-0.1041
0.8088	-0.1500
0.4212	0.0310
-0.7008	-0.4049
0.8827	0.2987
-0.7569	-0.3973
0.5920	0.3421
-0.1092	-0.0913
-0.4687	-0.1117
-0.7008	-0.0990
-0.2188	0.2503
0.1177	0.0132
-0.3642	-0.0888
-0.6370	-0.0709
-0.7365	0.1534
1.2627	-0.1219
1.0000	0.0871
0.5793	0.0667
1.2372	-0.0735
0.8878	0.0438
0.4339	0.1075
-0.3693	-0.3361
-0.7084	-0.3182
1.2117	-0.2927
1.0306	0.0157
0.6430	-0.0251
0.3243	0.2426
-0.1704	0.0106
-0.5172	0.0514
-0.6217	0.2095
0.9184	-0.4177
0.9261	-0.2851
0.9108	-0.2341
0.8139	-0.2137
0.5206	-0.0505
0.5079	0.2324
-0.2341	-0.1704
-0.5401	-0.1908
-0.7492	-0.1500
0.9516	-0.4024
1.0051	-0.2647
1.0051	-0.2137
0.9388	-0.2061
0.8496	-0.2061
0.6175	-0.1066
