1.1071	-0.0633
1.0995	-0.0709
1.1020	-0.0633
1.1046	-0.0556
1.1071	-0.0633
1.1046	-0.0633
1.1097	-0.0582
1.1046	-0.0658
1.1071	-0.0633
1.1046	-0.0633
1.0995	-0.0709
1.1097	-0.0633
1.0995	-0.0709
1.1020	-0.0582
1.1046	-0.0633
1.1097	-0.0582
1.1071	-0.0633
1.1097	-0.0607
1.0969	-0.0709
1.0995	-0.0684
1.1097	-0.0582
1.1097	-0.0556
1.0969	-0.0684
1.0944	-0.0709
1.1097	-0.0556
1.1046	-0.0658
1.1097	-0.0582
1.1071	-0.0709
1.1046	-0.0633
1.1020	-0.0633
1.1122	-0.0607
1.1097	-0.0582
1.0995	-0.0633
1.1071	-0.0709
1.1097	-0.0582
1.1097	-0.0556
1.1046	-0.0658
1.0995	-0.0633
1.0995	-0.0633
1.1097	-0.0556
1.1122	-0.0582
1.1046	-0.0556
1.1097	-0.0556
1.1046	-0.0709
1.1071	-0.0582
1.1046	-0.0633
1.1071	-0.0633
1.1122	-0.0556
1.1046	-0.0633
1.1097	-0.0607
1.1071	-0.0658
1.0995	-0.0709
1.0969	-0.0709
1.1046	-0.0633
1.0995	-0.0709
1.1097	-0.0556
1.0969	-0.0658
1.0995	-0.0709
1.1020	-0.0633
1.1046	-0.0658
1.1046	-0.0633
1.1020	-0.0633
1.0995	-0.0684
1.1071	-0.0633
1.1097	-0.0633
1.0995	-0.0709
1.1071	-0.0607
1.1071	-0.0607
1.0995	-0.0633
1.1046	-0.0633
1.1020	-0.0633
1.1046	-0.0633
1.1122	-0.0556
1.1046	-0.0556
1.1046	-0.0709
1.0995	-0.0633
1.0995	-0.0709
1.1020	-0.0684
1.1071	-0.0633
1.1046	-0.0633
1.1046	-0.0633
1.0995	-0.0684
1.0995	-0.0709
1.1097	-0.0582
1.1046	-0.0633
1.1071	-0.0633
1.1071	-0.0658
1.1020	-0.0633
1.1097	-0.0556
1.1020	-0.0709
1.1046	-0.0633
1.1071	-0.0633
1.1046	-0.0633
1.1020	-0.0633
1.0995	-0.0607
1.1046	-0.0633
1.1046	-0.0633
1.1071	-0.0633
1.0995	-0.0633
1.1097	-0.0633
1.1097	-0.0556
1.1046	-0.0556
1.1097	-0.0582
1.1046	-0.0582
1.1046	-0.0633
1.1071	-0.0607
1.1097	-0.0607
1.1071	-0.0607
1.1046	-0.0633
1.1071	-0.0633
1.1046	-0.0633
1.1071	-0.0658
1.1122	-0.0582
1.1046	-0.0658
1.1071	-0.0582
1.0969	-0.0684
1.1122	-0.0556
1.0995	-0.0709
1.1097	-0.0556
1.1020	-0.0633
1.1071	-0.0582
1.1097	-0.0633
1.1097	-0.0607
1.0995	-0.0633
1.1071	-0.0607
1.1046	-0.0633
1.1097	-0.0607
1.1046	-0.0633
1.1046	-0.0633
1.1071	-0.0633
1.1071	-0.0709
1.1046	-0.0556
1.0995	-0.0709
1.1046	-0.0709
1.1097	-0.0607
1.1097	-0.0582
1.1046	-0.0658
1.1097	-0.0582
1.1020	-0.0633
1.1046	-0.0633
1.1097	-0.0556
1.1097	-0.0556
1.1097	-0.0607
1.1071	-0.0556
1.0995	-0.0607
1.0995	-0.0709
1.0995	-0.0658
1.1020	-0.0633
1.0995	-0.0709
1.1046	-0.0633
1.1020	-0.0633
1.1097	-0.0582
1.1071	-0.0633
1.1046	-0.0633
1.1020	-0.0709
1.1046	-0.0658
1.1122	-0.0556
1.1097	-0.0582
1.1020	-0.0709
1.0995	-0.0709
1.0995	-0.0709
1.1071	-0.0633
1.1097	-0.0607
1.1020	-0.0633
1.1122	-0.0582
1.0995	-0.0709
1.1097	-0.0582
1.1097	-0.0556
1.0995	-0.0709
1.1046	-0.0709
1.1071	-0.0633
1.0995	-0.0709
1.0995	-0.0684
1.1046	-0.0582
1.1046	-0.0658
1.1071	-0.0633
1.0995	-0.0709
1.1122	-0.0633
1.1122	-0.0658
1.1097	-0.0582
1.1122	-0.0556
1.1097	-0.0633
1.1071	-0.0556
1.1097	-0.0607
1.1046	-0.0633
1.1046	-0.0633
1.1122	-0.0582
1.1071	-0.0582
1.1046	-0.0633
1.1046	-0.0633
1.1097	-0.0582
1.1071	-0.0582
1.0995	-0.0709
1.1071	-0.0633
1.0995	-0.0684
1.0995	-0.0709
1.1097	-0.0684
1.1020	-0.0658
1.1122	-0.0607
1.0995	-0.0709
1.1122	-0.0582
1.0995	-0.0633
1.1046	-0.0607
1.1046	-0.0633
1.0995	-0.0633
1.1071	-0.0709
1.1097	-0.0633
1.1046	-0.0607
1.1020	-0.0633
1.1046	-0.0556
1.1046	-0.0658
1.1097	-0.0633
1.1097	-0.0556
1.1046	-0.0633
1.0995	-0.0633
1.1020	-0.0633
1.1071	-0.0633
1.0969	-0.0709
1.1071	-0.0684
1.0995	-0.0709
1.1046	-0.0633
1.1020	-0.0607
1.0995	-0.0684
1.1071	-0.0633
1.1020	-0.0658
1.1020	-0.0607
1.1046	-0.0633
1.1122	-0.0658
1.1097	-0.0633
1.1122	-0.0633
1.1071	-0.0633
1.1122	-0.0633
1.1071	-0.0607
1.1097	-0.0582
1.1071	-0.0633
1.1046	-0.0658
1.0969	-0.0709
1.1046	-0.0684
1.1071	-0.0633
1.0995	-0.0709
1.1020	-0.0633
1.1122	-0.0556
1.1097	-0.0582
1.1097	-0.0607
1.1020	-0.0633
1.1046	-0.0607
1.1097	-0.0658
1.1046	-0.0658
1.1097	-0.0582
1.1071	-0.0684
1.1122	-0.0633
1.1046	-0.0582
1.1020	-0.0633
1.1122	-0.0633
1.0995	-0.0709
1.0995	-0.0709
1.1046	-0.0633
1.1097	-0.0556
1.0995	-0.0607
1.1046	-0.0633
1.1097	-0.0556
1.0995	-0.0709
1.1046	-0.0633
1.0995	-0.0633
1.1071	-0.0633
1.1071	-0.0633
1.1097	-0.0582
1.0995	-0.0709
1.1071	-0.0709
1.1071	-0.0684
1.0995	-0.0709
1.1071	-0.0633
1.1020	-0.0633
1.1071	-0.0658
1.1046	-0.0582
1.1046	-0.0658
1.1071	-0.0633
1.0995	-0.0709
1.1071	-0.0556
1.1046	-0.0633
1.1020	-0.0633
1.1046	-0.0607
1.1122	-0.0556
1.0995	-0.0633
1.0995	-0.0709
1.0995	-0.0709
1.0995	-0.0709
1.1046	-0.0633
1.1097	-0.0582
1.1046	-0.0658
1.1046	-0.0633
1.1122	-0.0556
1.0995	-0.0684
1.1046	-0.0633
1.1097	-0.0607
1.1097	-0.0658
1.1071	-0.0709
1.1046	-0.0709
1.1097	-0.0556
1.1071	-0.0582
1.1046	-0.0684
1.1097	-0.0607
1.1122	-0.0556
1.1071	-0.0633
1.0969	-0.0709
1.1020	-0.0709
1.1071	-0.0607
1.1122	-0.0582
1.1071	-0.0633
1.1046	-0.0607
1.0969	-0.0709
1.1046	-0.0633
1.0995	-0.0709
1.1122	-0.0607
1.1020	-0.0607
1.1046	-0.0633
1.1020	-0.0633
1.1046	-0.0633
1.0995	-0.0633
1.0995	-0.0709
1.1122	-0.0582
1.1046	-0.0633
1.1046	-0.0633
1.1097	-0.0556
1.0995	-0.0709
1.1097	-0.0556
1.1071	-0.0709
1.1071	-0.0633
1.0995	-0.0684
1.1097	-0.0582
1.1020	-0.0633
1.1071	-0.0582
1.1097	-0.0582
1.1046	-0.0607
1.1071	-0.0709
1.1097	-0.0633
1.1071	-0.0607
1.1071	-0.0633
1.1071	-0.0684
1.1071	-0.0633
1.1046	-0.0633
1.1046	-0.0658
1.1122	-0.0633
1.1097	-0.0633
1.1097	-0.0582
1.1046	-0.0633
1.1071	-0.0556
1.1071	-0.0709
1.1097	-0.0658
1.1046	-0.0658
1.1071	-0.0633
1.0995	-0.0709
1.1122	-0.0582
1.0995	-0.0709
1.1071	-0.0633
1.0995	-0.0709
1.1071	-0.0709
1.0995	-0.0684
1.1097	-0.0607
1.0995	-0.0709
1.1046	-0.0633
1.0969	-0.0709
1.1071	-0.0633
1.1071	-0.0709
1.1071	-0.0633
1.1046	-0.0658
1.1071	-0.0556
1.1071	-0.0633
1.1046	-0.0658
1.1046	-0.0607
1.0995	-0.0684
1.1071	-0.0633
1.1071	-0.0633
1.1097	-0.0582
1.1097	-0.0556
1.1071	-0.0658
1.1122	-0.0582
1.1046	-0.0633
1.1071	-0.0633
1.0995	-0.0684
1.1122	-0.0582
1.0995	-0.0709
1.1071	-0.0607
1.1071	-0.0709
1.1046	-0.0633
1.1046	-0.0709
1.1122	-0.0556
1.1097	-0.0556
1.0995	-0.0709
1.0995	-0.0709
1.1020	-0.0709
1.1071	-0.0633
1.1046	-0.0633
1.1071	-0.0658
1.1071	-0.0633
1.1071	-0.0633
1.1071	-0.0633
1.1071	-0.0633
1.0995	-0.0709
1.1071	-0.0633
1.1071	-0.0607
1.0995	-0.0709
1.1122	-0.0582
1.0995	-0.0633
1.1046	-0.0556
1.1071	-0.0556
1.1071	-0.0607
1.0995	-0.0709
1.1046	-0.0709
1.1122	-0.0633
1.1097	-0.0582
1.0995	-0.0709
1.0995	-0.0684
1.1046	-0.0607
1.1071	-0.0633
1.1020	-0.0658
1.1071	-0.0633
1.1097	-0.0582
1.1071	-0.0582
1.1046	-0.0709
1.1122	-0.0684
1.0995	-0.0633
1.1071	-0.0633
1.1071	-0.0633
1.1046	-0.0633
1.1071	-0.0633
1.1020	-0.0633
1.1046	-0.0556
1.1046	-0.0633
1.1097	-0.0658
1.1071	-0.0607
1.0995	-0.0633
1.1097	-0.0582
1.0995	-0.0709
1.1122	-0.0582
1.0995	-0.0709
1.1122	-0.0607
1.1122	-0.0582
1.0995	-0.0709
1.0995	-0.0709
1.1071	-0.0556
1.1071	-0.0556
1.1071	-0.0633
1.1046	-0.0709
1.1097	-0.0633
1.1046	-0.0709
1.0995	-0.0709
1.1046	-0.0658
1.0995	-0.0633
1.1122	-0.0582
1.1071	-0.0633
1.1046	-0.0709
1.1071	-0.0607
1.1071	-0.0633
1.0995	-0.0684
1.1071	-0.0633
1.0995	-0.0709
1.0995	-0.0709
1.1046	-0.0709
1.0995	-0.0709
1.1071	-0.0633
1.0995	-0.0709
1.0995	-0.0709
1.1071	-0.0658
1.1097	-0.0633
1.0995	-0.0709
1.1071	-0.0709
1.0995	-0.0709
1.1071	-0.0633
1.0995	-0.0709
1.1046	-0.0633
1.1071	-0.0658
1.1020	-0.0658
1.1097	-0.0633
1.1071	-0.0633
1.1122	-0.0633
1.1148	-0.0582
1.0995	-0.0633
1.0995	-0.0709
1.1122	-0.0582
1.0995	-0.0633
1.1122	-0.0607
1.1097	-0.0633
1.1071	-0.0658
1.1071	-0.0684
1.0995	-0.0633
1.1122	-0.0633
1.0995	-0.0709
1.0995	-0.0684
1.0995	-0.0709
1.1071	-0.0633
1.1071	-0.0633
1.0995	-0.0709
1.1122	-0.0607
1.1071	-0.0633
1.1046	-0.0556
1.1071	-0.0709
1.1097	-0.0633
1.1071	-0.0658
1.1020	-0.0684
1.1071	-0.0607
1.1046	-0.0709
1.1046	-0.0607
1.1046	-0.0633
1.1071	-0.0607
1.1046	-0.0633
1.1122	-0.0658
1.1122	-0.0607
1.1122	-0.0658
1.1071	-0.0633
1.1071	-0.0633
1.1071	-0.0633
1.1097	-0.0607
1.1046	-0.0658
1.1046	-0.0658
1.1046	-0.0633
1.1046	-0.0633
1.1122	-0.0607
1.1046	-0.0633
1.1097	-0.0582
1.1097	-0.0607
1.0995	-0.0709
1.1020	-0.0709
1.0995	-0.0709
1.1046	-0.0582
1.0995	-0.0709
1.1020	-0.0709
1.1097	-0.0607
1.1071	-0.0633
1.1071	-0.0633
1.1071	-0.0607
1.0995	-0.0709
1.0995	-0.0684
1.1097	-0.0582
1.1071	-0.0709
1.1020	-0.0658
1.1046	-0.0633
1.1097	-0.0658
1.0995	-0.0709
1.1097	-0.0582
1.1122	-0.0556
1.0995	-0.0709
1.1071	-0.0633
1.1071	-0.0658
1.1071	-0.0709
1.1071	-0.0709
1.1071	-0.0633
1.1046	-0.0633
1.1097	-0.0633
1.1046	-0.0633
1.1122	-0.0684
1.1097	-0.0607
1.1071	-0.0582
1.1122	-0.0582
1.1122	-0.0633
1.1097	-0.0582
1.1071	-0.0633
1.1122	-0.0582
1.1071	-0.0633
1.0995	-0.0709
1.1097	-0.0556
1.0995	-0.0709
1.1122	-0.0658
1.1071	-0.0633
1.1148	-0.0607
1.1071	-0.0607
1.1097	-0.0582
1.0995	-0.0633
1.1071	-0.0684
1.0995	-0.0684
1.1122	-0.0658
1.1122	-0.0633
1.1071	-0.0556
1.1071	-0.0658
1.0995	-0.0709
1.1020	-0.0607
1.1071	-0.0658
1.1046	-0.0709
1.1071	-0.0658
1.1071	-0.0658
1.1122	-0.0582
1.1122	-0.0556
1.1122	-0.0556
1.0995	-0.0709
1.1071	-0.0633
1.1020	-0.0633
1.1071	-0.0684
1.0995	-0.0709
1.1071	-0.0684
1.1071	-0.0658
1.0995	-0.0709
1.1071	-0.0633
1.0995	-0.0709
1.0995	-0.0709
1.0995	-0.0658
1.1122	-0.0556
1.0995	-0.0709
1.1046	-0.0633
1.1071	-0.0556
1.0995	-0.0633
1.0995	-0.0633
1.0995	-0.0709
1.0995	-0.0684
1.1071	-0.0709
1.1071	-0.0633
1.1071	-0.0658
1.1071	-0.0607
1.1122	-0.0556
1.1122	-0.0607
1.0995	-0.0709
1.1071	-0.0633
1.0995	-0.0709
1.0995	-0.0633
1.1046	-0.0633
1.1122	-0.0633
1.0995	-0.0709
1.1046	-0.0633
1.1046	-0.0633
1.1071	-0.0633
1.1071	-0.0658
1.1097	-0.0582
1.1097	-0.0556
1.1122	-0.0658
1.1122	-0.0556
1.1071	-0.0633
1.1046	-0.0607
1.1071	-0.0709
1.1122	-0.0556
1.1071	-0.0658
1.0995	-0.0633
1.1122	-0.0633
1.1071	-0.0607
1.0995	-0.0709
1.1122	-0.0556
1.0995	-0.0709
1.1071	-0.0633
1.0995	-0.0709
1.1097	-0.0633
1.1071	-0.0633
1.0995	-0.0709
1.1122	-0.0607
1.0995	-0.0684
1.1046	-0.0709
1.1071	-0.0633
1.1122	-0.0633
1.1046	-0.0633
1.1071	-0.0556
1.1071	-0.0633
1.0995	-0.0633
1.1046	-0.0607
1.1097	-0.0633
1.1122	-0.0633
1.1071	-0.0633
1.1071	-0.0658
1.1071	-0.0633
1.1071	-0.0658
1.0995	-0.0709
1.1071	-0.0607
1.1122	-0.0607
1.1071	-0.0633
1.0995	-0.0709
1.1046	-0.0607
1.1122	-0.0582
1.0995	-0.0709
1.1020	-0.0709
1.1046	-0.0633
1.0995	-0.0709
1.1071	-0.0633
1.1122	-0.0556
1.1097	-0.0633
1.1097	-0.0556
1.1097	-0.0607
1.1071	-0.0633
1.1122	-0.0658
1.1122	-0.0582
1.0995	-0.0709
1.1071	-0.0633
1.1071	-0.0709
1.1046	-0.0633
1.1097	-0.0582
1.1046	-0.0633
1.1071	-0.0658
1.1046	-0.0633
1.1071	-0.0684
1.1122	-0.0633
1.1071	-0.0633
1.1071	-0.0633
1.1122	-0.0582
1.1020	-0.0709
1.1046	-0.0633
1.1122	-0.0633
1.1071	-0.0684
1.1020	-0.0709
1.1122	-0.0582
1.0995	-0.0709
1.1046	-0.0658
1.1071	-0.0556
1.1097	-0.0607
1.1071	-0.0607
1.1071	-0.0633
1.1122	-0.0633
1.0995	-0.0709
1.1122	-0.0582
1.1071	-0.0633
1.1071	-0.0556
1.1071	-0.0607
1.1071	-0.0633
1.1122	-0.0633
1.0995	-0.0633
1.1097	-0.0633
1.1122	-0.0607
1.1071	-0.0607
1.0995	-0.0709
1.1097	-0.0709
1.1071	-0.0709
1.1071	-0.0658
1.1071	-0.0633
1.1071	-0.0709
1.1071	-0.0684
1.1071	-0.0658
1.0995	-0.0633
1.1122	-0.0582
1.1020	-0.0658
1.1122	-0.0633
1.1020	-0.0607
1.0995	-0.0633
1.1122	-0.0582
1.1071	-0.0556
1.1071	-0.0633
1.1071	-0.0709
1.1071	-0.0658
1.1122	-0.0633
1.1122	-0.0607
1.1020	-0.0684
1.1097	-0.0658
1.1122	-0.0607
1.1020	-0.0709
1.1071	-0.0658
1.1071	-0.0633
1.1071	-0.0633
1.1071	-0.0709
1.1071	-0.0658
1.1071	-0.0658
1.0995	-0.0709
1.1071	-0.0633
1.1071	-0.0658
1.1020	-0.0709
1.1122	-0.0582
1.1071	-0.0684
1.1122	-0.0658
1.1122	-0.0582
1.0995	-0.0633
1.0995	-0.0709
1.0995	-0.0709
1.0995	-0.0709
1.0995	-0.0709
1.1071	-0.0658
1.1122	-0.0556
1.0995	-0.0684
1.0995	-0.0709
1.1071	-0.0633
1.1071	-0.0633
1.1046	-0.0633
1.1122	-0.0607
1.1071	-0.0633
1.0995	-0.0709
1.1046	-0.0633
1.1071	-0.0633
1.1097	-0.0633
1.0995	-0.0709
1.0995	-0.0633
1.0995	-0.0709
1.1020	-0.0709
1.1122	-0.0633
1.0995	-0.0709
1.1097	-0.0633
1.1071	-0.0633
1.1071	-0.0709
1.1122	-0.0582
1.1046	-0.0607
1.1071	-0.0658
1.1097	-0.0709
1.1097	-0.0633
1.1122	-0.0607
1.1071	-0.0633
1.0995	-0.0709
1.0995	-0.0709
1.0995	-0.0709
1.1071	-0.0633
1.1046	-0.0633
1.1046	-0.0633
1.1071	-0.0658
1.1097	-0.0633
1.1122	-0.0633
1.1097	-0.0582
1.1122	-0.0633
1.0995	-0.0684
1.0995	-0.0633
1.1071	-0.0607
1.1071	-0.0709
1.1071	-0.0633
1.1122	-0.0582
1.1097	-0.0633
1.1071	-0.0633
1.0995	-0.0633
1.1122	-0.0633
1.1020	-0.0709
1.1046	-0.0556
1.1071	-0.0531
1.1097	-0.0633
1.1071	-0.0658
1.0995	-0.0709
1.1122	-0.0633
1.1122	-0.0607
1.1046	-0.0633
1.1071	-0.0633
1.1071	-0.0633
1.1122	-0.0582
1.1046	-0.0607
1.1097	-0.0633
1.1071	-0.0633
1.0995	-0.0684
1.1071	-0.0709
1.1097	-0.0658
1.1071	-0.0658
1.1148	-0.0633
1.1097	-0.0633
1.1046	-0.0633
1.0995	-0.0633
1.0995	-0.0709
1.1122	-0.0607
1.1097	-0.0582
1.0995	-0.0709
1.1148	-0.0582
1.1046	-0.0607
1.1046	-0.0633
1.0995	-0.0709
1.1071	-0.0633
1.0995	-0.0709
1.0995	-0.0633
1.1097	-0.0633
1.1122	-0.0607
1.1071	-0.0633
1.1097	-0.0582
1.1097	-0.0633
1.0995	-0.0684
1.1071	-0.0633
1.1046	-0.0582
1.1071	-0.0556
1.1020	-0.0709
1.1046	-0.0556
1.0995	-0.0633
1.1071	-0.0607
1.1071	-0.0633
1.1071	-0.0633
1.1071	-0.0633
1.1122	-0.0556
1.1097	-0.0556
1.1046	-0.0633
1.0995	-0.0684
1.1122	-0.0582
1.1071	-0.0633
1.1071	-0.0607
1.1071	-0.0633
1.1071	-0.0658
1.1071	-0.0633
1.1122	-0.0582
1.0995	-0.0709
1.1071	-0.0633
1.1122	-0.0607
1.1071	-0.0633
1.1071	-0.0658
1.1097	-0.0607
1.1122	-0.0633
1.1122	-0.0633
1.1122	-0.0556
1.1122	-0.0582
1.1122	-0.0582
1.1046	-0.0709
1.1046	-0.0633
1.1071	-0.0633
1.1122	-0.0633
1.1071	-0.0633
1.1046	-0.0658
1.1122	-0.0556
1.0995	-0.0709
1.0995	-0.0709
1.1097	-0.0633
1.0995	-0.0709
1.1020	-0.0684
1.1071	-0.0658
1.1071	-0.0658
1.0995	-0.0709
1.1046	-0.0658
1.1122	-0.0556
1.1122	-0.0582
1.1097	-0.0582
1.1046	-0.0709
1.1097	-0.0607
1.1071	-0.0658
1.1097	-0.0633
1.0995	-0.0709
1.1020	-0.0709
1.1122	-0.0582
1.0995	-0.0709
1.0995	-0.0709
1.1071	-0.0658
1.1071	-0.0633
1.1071	-0.0709
1.1071	-0.0658
1.1020	-0.0684
1.1071	-0.0633
1.1097	-0.0633
1.1122	-0.0607
1.1071	-0.0582
1.1122	-0.0582
1.0995	-0.0709
1.0995	-0.0709
1.1122	-0.0633
1.1071	-0.0607
1.0995	-0.0709
1.1046	-0.0658
1.1046	-0.0684
1.1071	-0.0658
1.0995	-0.0633
1.1071	-0.0709
1.1097	-0.0633
1.1071	-0.0709
1.1046	-0.0633
1.1071	-0.0633
1.1122	-0.0633
1.1122	-0.0658
1.1071	-0.0633
1.1122	-0.0556
1.1071	-0.0633
1.1097	-0.0633
1.1097	-0.0556
1.0995	-0.0709
1.1071	-0.0658
1.1071	-0.0633
1.1071	-0.0633
1.1046	-0.0709
1.0995	-0.0633
1.1071	-0.0633
1.1122	-0.0633
1.1071	-0.0633
1.1122	-0.0607
1.1046	-0.0633
1.0995	-0.0709
1.0995	-0.0709
1.1122	-0.0556
1.0995	-0.0633
1.1071	-0.0658
1.1122	-0.0607
1.1097	-0.0633
1.1071	-0.0709
1.1071	-0.0633
1.1097	-0.0556
1.0995	-0.0709
1.1046	-0.0633
1.1071	-0.0633
1.1071	-0.0633
1.1122	-0.0582
1.1122	-0.0556
1.1097	-0.0658
1.1097	-0.0633
1.1122	-0.0556
1.1122	-0.0582
1.1122	-0.0556
1.1122	-0.0607
1.0995	-0.0709
1.1020	-0.0658
1.1097	-0.0556
1.1071	-0.0607
1.1122	-0.0556
1.0995	-0.0735
1.1020	-0.0633
1.1071	-0.0709
1.1148	-0.0658
1.1097	-0.0582
1.1097	-0.0582
1.1148	-0.0556
1.1148	-0.0582
1.1071	-0.0633
1.0995	-0.0709
1.1020	-0.0684
1.1097	-0.0658
1.1097	-0.0607
1.1046	-0.0556
1.1071	-0.0684
1.1122	-0.0658
1.1122	-0.0582
1.1046	-0.0633
1.1148	-0.0633
1.1071	-0.0633
1.0995	-0.0684
1.0995	-0.0709
1.1097	-0.0633
1.1071	-0.0633
1.1020	-0.0658
