0.1305	-0.2774
1.1428	0.0616
0.9694	-0.1755
-0.3285	0.2656
0.0489	0.1330
-0.0480	-0.1678
-0.1882	-0.4279
0.6048	0.1534
0.1075	-0.4814
-0.5784	0.1560
0.7833	0.1865
-0.4152	0.0208
0.2427	0.0718
0.1483	-0.2621
1.1913	0.0795
1.0765	-0.2214
-0.2749	0.2707
-0.2520	0.0846
-0.2877	-0.2494
1.2015	-0.3998
-0.4840	-0.3565
0.2937	0.3242
0.0540	-0.0276
0.0617	-0.3157
1.0612	0.0463
0.8011	-0.0990
0.1356	0.2528
-0.0760	-0.0556
-0.0403	-0.3386
1.0714	0.0565
0.8623	-0.1245
-0.0684	0.3140
-0.2418	-0.0174
-0.2239	-0.3284
1.2703	0.1534
1.1913	-0.1959
0.3396	0.0999
0.1993	-0.3055
0.6915	0.0795
1.4616	0.0591
1.4029	-0.0939
1.3953	-0.2621
0.7527	-0.1500
-0.1347	0.3319
-0.2392	0.0514
-0.2520	-0.2876
1.5304	-0.1117
1.0714	-0.3284
-0.5223	-0.2188
0.6634	0.1738
0.0719	-0.4814
-0.5605	0.2069
0.8674	0.1840
1.4412	0.0820
1.3647	-0.1143
1.3443	-0.3182
0.1534	0.1789
-0.0072	-0.1321
-0.0990	-0.4253
0.5283	0.1738
0.2707	-0.3641
-0.2494	0.3982
0.3727	-0.0021
0.0056	-0.4788
-0.2877	0.4109
0.9694	-0.3590
-0.4764	-0.4151
-0.2188	0.4746
1.0714	-0.3947
-0.3948	-0.5196
-0.5605	0.2936
0.7195	0.2197
0.1534	-0.4788
-0.6141	-0.0786
0.1738	0.4007
-0.0021	0.0667
-0.0352	-0.2265
-0.4381	-0.0556
0.7705	-0.2265
-0.4305	0.2554
1.4794	-0.3565
-0.4636	0.0285
1.5100	-0.2418
-0.0199	0.2222
-0.1806	-0.1092
-0.1780	-0.3743
0.9414	0.0591
0.8368	-0.0735
0.1917	0.2248
-0.0021	-0.0811
0.0081	-0.3769
0.7399	0.0744
1.2142	0.0387
1.0893	-0.2443
-0.3361	0.2426
0.0209	0.1458
-0.0888	-0.1500
-0.1806	-0.4202
0.7017	0.1101
0.6099	-0.1066
0.6201	0.0565
1.1556	-0.3973
-0.4815	-0.3208
0.3676	0.2911
0.1483	-0.0939
-0.0072	-0.4483
0.0795	0.3599
-0.1245	0.0412
-0.1245	-0.2774
0.5308	-0.0684
1.1275	0.0055
0.8445	-0.1423
-0.1653	0.3344
-0.2571	0.0489
-0.2775	-0.2953
1.4973	0.0285
1.4641	-0.1653
1.2703	-0.3616
-0.4611	0.0616
1.5432	-0.0939
0.7807	-0.1882
-0.3412	0.2936
0.5359	-0.0862
1.0000	-0.0327
0.4594	0.0744
0.1024	-0.4559
-0.3846	0.3778
1.5508	0.0412
1.0867	-0.3437
-0.5095	-0.2519
0.5589	0.2146
0.3064	-0.3463
-0.1908	0.3854
-0.0327	0.1330
-0.1168	-0.1780
-0.2673	-0.3998
0.8292	0.0820
1.0332	-0.0811
0.3319	0.1432
0.1866	-0.2418
1.1326	0.0616
0.9490	-0.1729
-0.2928	0.2860
-0.1117	0.1458
-0.1831	-0.1933
-0.3871	-0.2392
1.3315	0.1840
1.2576	-0.1347
0.9567	-0.2443
-0.4917	0.0948
1.3341	0.2350
1.2652	-0.0811
1.1148	-0.2953
-0.4738	0.0795
1.4947	0.1509
1.4667	-0.0403
1.4463	-0.1500
1.3978	-0.3182
0.2325	0.1356
0.1101	-0.1959
0.1534	0.1330
0.0387	-0.1729
-0.2749	-0.3973
0.7399	0.1152
1.4616	0.0540
1.4004	-0.0913
1.3978	-0.2570
0.8088	-0.2010
-0.3897	0.2554
1.2525	-0.4508
-0.4152	-0.4279
-0.0684	0.4542
0.1483	0.0795
0.0744	-0.2163
0.2784	0.0795
0.1611	-0.2825
0.9898	0.0208
0.6634	-0.0251
0.9082	-0.0505
0.3778	0.1407
0.2044	-0.2927
0.7960	0.0285
0.8725	-0.0684
0.2707	0.1789
0.1075	-0.1653
-0.3183	-0.3743
0.8547	0.0922
1.0459	-0.0709
0.3727	0.0999
0.1942	-0.3386
0.3957	0.2120
0.2121	-0.1984
1.4208	0.1152
1.3494	-0.1015
1.3162	-0.3106
-0.0174	0.2324
-0.1806	-0.1015
-0.2061	-0.3743
1.0000	0.0744
0.8547	-0.0964
0.0617	0.2732
-0.1449	-0.0505
-0.1143	-0.3386
1.1530	0.1101
1.0281	-0.2010
-0.2800	0.2707
-0.1984	0.1203
-0.2392	-0.2443
0.9745	-0.3157
-0.5019	-0.3208
0.1432	0.3880
-0.0633	0.0463
-0.0735	-0.2672
0.4059	0.0055
-0.0123	-0.4890
-0.3769	0.3880
1.5585	-0.0302
0.6991	-0.1398
0.0744	0.2936
-0.1347	-0.0302
-0.1015	-0.3590
1.0918	0.0667
0.8751	-0.1245
-0.1347	0.3191
-0.2622	-0.0047
-0.2775	-0.3157
1.3111	0.1636
1.2550	-0.1780
0.5920	-0.0454
1.0332	-0.0403
0.4620	0.0642
0.0362	-0.4814
-0.4050	0.3650
1.4590	0.2146
1.4284	-0.0149
1.4157	-0.1831
1.2448	-0.3692
-0.4687	0.0106
1.3570	0.2146
1.2907	-0.1015
1.1173	-0.3029
-0.4942	-0.0352
1.1530	0.1840
1.1046	-0.1576
0.0311	0.2452
-0.1551	-0.0939
-0.1653	-0.3794
0.9082	0.0591
0.8368	-0.0760
0.2325	0.2197
0.0515	-0.1117
-0.0403	-0.4279
0.3090	0.2732
0.0973	-0.0811
0.0387	-0.4100
0.2325	0.2860
0.0081	-0.0403
0.0311	-0.3412
0.9949	0.0387
0.6940	-0.0352
0.7807	-0.0200
0.6609	0.0081
1.1122	-0.0098
0.6813	-0.0633
0.6405	0.0387
1.3545	0.1126
1.2958	-0.2061
0.7425	-0.1423
-0.0505	0.3242
-0.2163	-0.0174
-0.2035	-0.3259
1.2117	0.1305
1.1403	-0.2061
-0.1092	0.2630
-0.2392	-0.0760
-0.3030	-0.2953
1.2423	0.1560
1.1658	-0.2035
0.0693	0.2248
-0.1041	-0.0990
-0.1092	-0.3973
0.8011	0.0667
1.0281	-0.0709
0.2988	0.1611
0.1432	-0.2112
1.3290	-0.4177
-0.4891	-0.1755
0.9363	0.1254
1.0281	-0.0964
0.1356	0.2248
-0.0556	-0.0913
-0.0556	-0.3973
0.7399	0.0820
1.2856	0.0718
1.2346	-0.2494
0.0183	0.2248
-0.1449	-0.1041
-0.1653	-0.3871
0.8802	0.0693
0.8955	-0.0837
0.1407	0.2528
-0.0658	-0.0735
-0.0378	-0.3769
0.8470	0.0412
0.8649	-0.0735
0.2121	0.2248
0.0209	-0.0939
-0.0148	-0.4100
0.4798	0.1738
0.2835	-0.3004
0.3472	0.2197
0.1560	-0.1576
-0.4177	-0.1984
1.3519	0.1840
1.2907	-0.1270
1.0306	-0.2774
-0.5019	-0.0403
1.0536	0.1560
1.0459	-0.1321
0.0056	0.2732
-0.1755	-0.0786
-0.1908	-0.3769
0.9949	0.0616
0.8113	-0.0888
0.2121	0.2350
0.0107	-0.0862
-0.0072	-0.3998
0.5742	0.1407
0.1585	-0.4585
-0.5809	0.1228
0.7323	0.1993
-0.0913	-0.5043
-0.3769	0.3982
1.5304	0.1075
1.4004	-0.3539
-0.2137	0.2324
-0.3157	-0.0888
-0.3948	-0.1347
0.8878	-0.2800
-0.5401	-0.1576
0.6303	0.1942
0.2529	-0.4304
-0.5937	-0.0072
0.4747	0.2834
0.2554	-0.1908
1.3927	0.1279
1.3239	-0.1525
1.0816	-0.3055
-0.5095	-0.0735
1.0255	0.1483
1.0281	-0.1296
0.0209	0.2605
-0.1653	-0.0760
-0.1525	-0.3667
0.9643	0.0591
0.7960	-0.0658
0.3166	0.1840
0.1509	-0.1857
0.1330	0.1381
0.0081	-0.1653
-0.2061	-0.4355
0.5436	0.1789
0.2784	-0.3896
-0.3871	0.3548
1.5610	-0.1525
0.0336	0.1967
-0.1245	-0.1296
-0.1372	-0.4100
0.7629	0.0922
1.2117	0.0234
1.0536	-0.2341
-0.4228	0.1738
1.3162	-0.4508
-0.4279	-0.4075
0.1075	0.3854
-0.0760	0.0591
-0.0913	-0.2596
0.1840	0.1101
0.0846	-0.1882
-0.4279	-0.1729
1.4565	0.1305
1.4004	-0.0607
1.4004	-0.2341
0.8674	-0.2214
-0.4815	0.1152
1.3111	0.2299
1.2576	-0.0964
1.0102	-0.2647
-0.5095	0.0004
1.1505	0.1942
1.1122	-0.1525
0.1458	0.2120
-0.0276	-0.1015
-0.0633	-0.4024
0.6328	0.1279
-0.2137	-0.4686
0.1483	0.3523
-0.0684	0.0285
-0.0684	-0.2774
1.3927	-0.3871
-0.4789	0.0055
1.5100	0.1203
1.4794	-0.1041
1.4386	-0.2519
0.8751	-0.2214
-0.4993	0.0820
1.2219	0.2171
1.1785	-0.1525
0.4569	0.0489
-0.1015	-0.4686
-0.0760	0.4058
-0.0811	0.1024
-0.1296	-0.2188
-0.4101	-0.0913
1.0740	-0.3743
-0.4585	-0.4126
-0.1219	0.4721
0.3727	-0.0174
-0.0939	-0.4890
-0.1525	0.4262
0.0999	0.1024
0.0056	-0.1908
-0.2928	-0.3973
0.7756	0.1075
1.2907	0.0744
1.2117	-0.2596
-0.0021	0.2426
-0.1755	-0.0913
-0.1933	-0.3769
0.9618	0.0642
0.8266	-0.0760
0.2223	0.2222
0.0336	-0.0939
-0.0072	-0.4100
0.4543	0.1942
0.2631	-0.2672
0.7654	0.0285
0.9720	-0.0709
0.2350	0.1865
0.0566	-0.1423
-0.1117	-0.4508
0.2835	0.2860
0.0540	-0.0582
0.0591	-0.3641
0.6838	0.0922
1.4182	-0.3692
-0.3744	0.1534
0.0999	0.1305
-0.0123	-0.1704
-0.1959	-0.4381
0.5308	0.1789
0.2962	-0.3590
-0.2392	0.3931
0.1764	0.0744
0.0948	-0.2367
1.1530	-0.3871
-0.4891	-0.3590
0.2503	0.3497
0.0056	-0.0072
0.0132	-0.2876
1.4080	0.1101
1.3443	-0.1270
1.2346	-0.3335
-0.4177	0.1330
0.9082	-0.3055
-0.5248	-0.3004
0.1840	0.3676
-0.0327	0.0310
-0.0276	-0.2570
0.8547	-0.2469
-0.5376	0.0106
1.0383	0.1560
1.0561	-0.1347
0.0999	0.2426
-0.1015	-0.0837
-0.0735	-0.3743
0.8598	0.0463
0.8700	-0.0735
0.1968	0.2171
-0.0021	-0.1015
-0.0021	-0.3973
0.5487	0.1407
0.2121	-0.4355
-0.5401	0.1916
0.9286	0.1713
1.1989	-0.0098
0.9490	-0.2112
-0.4356	0.1840
1.5483	-0.1857
0.0795	0.1840
-0.0684	-0.1245
-0.0964	-0.4075
0.6328	0.1330
-0.1500	-0.4941
-0.1551	0.4262
0.1279	0.0922
0.0413	-0.2061
-0.4152	-0.2392
1.2729	0.1738
1.2015	-0.1780
0.4263	0.0489
0.1050	-0.4508
-0.3693	0.3829
1.5610	-0.1474
0.0030	0.2018
-0.1500	-0.1143
-0.1576	-0.3973
0.8343	0.0616
0.9771	-0.0888
0.1738	0.2120
-0.0123	-0.0964
-0.0199	-0.3998
0.6175	0.1126
-0.1933	-0.4839
0.0387	0.4007
-0.1321	0.0744
-0.1423	-0.2570
0.1126	0.1483
-0.0199	-0.1423
-0.0760	-0.4355
0.4110	0.2146
0.2121	-0.1933
1.4973	-0.1831
0.8649	-0.2163
-0.4891	0.1356
1.3545	0.2324
1.2856	-0.0709
1.1862	-0.3029
-0.4279	0.1381
1.1964	-0.4304
-0.4101	-0.4686
-0.2877	0.4670
1.5355	-0.2647
-0.3973	0.1177
0.1585	0.1126
0.0566	-0.1831
-0.3795	-0.3208
1.0459	0.1075
0.9465	-0.1347
-0.1245	0.3038
-0.2749	-0.0225
-0.2749	-0.3055
1.2984	0.1662
1.2321	-0.1780
0.6048	-0.0403
0.9847	-0.0429
0.4135	0.0973
0.1993	-0.3794
-0.0633	0.3905
-0.1576	0.0922
-0.1755	-0.2519
0.3064	0.0591
0.1840	-0.3361
0.5206	0.1458
0.2452	-0.3998
-0.4203	0.3421
1.5202	0.0948
1.4004	-0.3463
-0.1347	0.2350
-0.2673	-0.1219
-0.3540	-0.2545
1.3443	0.1687
1.2780	-0.1398
0.9745	-0.2596
-0.5121	0.0106
1.1326	0.1840
1.1097	-0.1449
0.1101	0.2248
-0.0709	-0.0888
-0.0709	-0.3896
0.7884	0.0795
1.0867	-0.0480
0.5232	0.0157
0.0591	0.1560
-0.0709	-0.1500
-0.1525	-0.4151
0.6379	0.1279
-0.2316	-0.4686
0.1713	0.3548
-0.0760	0.0183
-0.0505	-0.2749
1.3902	-0.3896
-0.4585	0.0489
1.5177	-0.2545
-0.1092	0.2426
-0.2494	-0.1296
-0.3387	-0.2953
1.2346	0.1534
1.1734	-0.1984
0.1585	0.1916
-0.0021	-0.1219
-0.0480	-0.4177
0.4518	0.2069
0.2631	-0.2570
0.8598	0.0208
0.7144	-0.0149
0.8496	-0.0429
0.3957	0.1330
0.2325	-0.3080
0.5385	0.1254
0.1738	-0.4585
-0.5452	0.1916
0.9159	0.1713
1.2295	0.0183
1.0765	-0.2596
-0.4279	0.1611
1.3774	-0.4483
-0.4687	-0.2978
0.6124	0.1840
0.2223	-0.4457
-0.5784	0.0769
0.6609	0.2120
0.2554	-0.4381
-0.6039	-0.0760
0.2452	0.3574
0.0311	0.0132
0.0285	-0.2698
1.5151	-0.0352
1.4386	-0.2774
0.4798	0.0055
-0.3285	0.1152
-0.3463	-0.0429
-0.3463	0.0514
-0.3820	-0.0429
-0.2877	0.1330
-0.3336	-0.1857
0.2784	0.0693
0.1764	-0.2953
0.8802	0.0259
0.7246	-0.0174
0.7884	-0.0327
0.6073	0.0387
1.5177	-0.0913
1.3774	-0.3514
-0.1984	0.2324
-0.2928	-0.0811
-0.3948	-0.1755
1.3927	-0.4100
-0.4840	-0.0505
1.2856	0.2120
1.2321	-0.1296
0.7909	-0.1525
-0.2035	0.3191
-0.2163	0.0897
-0.2341	-0.2545
1.0077	-0.3310
-0.5146	-0.3157
0.2631	0.3446
0.0311	-0.0021
0.0209	-0.2851
1.3978	0.1356
1.3264	-0.1168
1.1734	-0.3335
-0.4432	0.1126
1.5100	-0.3055
-0.2877	0.1967
-0.3183	-0.0098
-0.3795	-0.1525
0.8674	-0.2698
-0.5580	-0.0939
0.8088	0.1509
1.4412	0.0693
1.3927	-0.0990
1.3596	-0.3055
0.2019	0.1560
0.0591	-0.1729
-0.3259	-0.3616
0.8955	0.0871
0.9592	-0.0913
0.1024	0.2554
-0.0990	-0.0607
-0.0658	-0.3590
0.9516	0.0387
0.7603	-0.0582
0.4773	0.1075
0.1840	-0.4202
-0.3846	0.3676
1.5559	-0.1602
-0.0021	0.2095
-0.1602	-0.1245
-0.1806	-0.3896
0.8802	0.0667
0.8980	-0.0837
0.1534	0.2503
-0.0556	-0.0709
-0.0301	-0.3692
0.9082	0.0387
0.7756	-0.0429
0.4900	0.0999
0.1432	-0.4406
-0.4279	0.3472
1.4692	0.2171
1.4412	-0.0200
1.4182	-0.1500
1.3596	-0.3310
-0.0684	0.2452
-0.2188	-0.1143
-0.2953	-0.3284
1.1275	0.1203
1.0128	-0.1729
-0.2035	0.2885
-0.2749	0.0310
-0.2953	-0.2570
1.5177	-0.0225
1.4259	-0.3055
0.1458	0.1738
0.0005	-0.1372
-0.1015	-0.4355
0.4773	0.1891
0.2784	-0.2825
0.5283	0.1330
0.2095	-0.4202
-0.4866	0.2911
1.2244	0.2375
1.2142	-0.0964
0.8164	-0.1729
-0.2851	0.3089
0.0132	0.1432
-0.0939	-0.1729
-0.2214	-0.4100
0.7348	0.0948
1.3672	0.0922
1.3137	-0.1806
1.0077	-0.2825
-0.5121	-0.0403
1.0255	0.1611
1.0510	-0.1168
0.1101	0.2222
-0.0633	-0.0837
-0.0633	-0.3794
0.8266	0.0616
0.9465	-0.0760
0.1891	0.2171
0.0005	-0.1015
-0.0301	-0.4100
0.5512	0.1611
0.2401	-0.4100
-0.4815	0.2936
1.2780	0.2452
1.2346	-0.0913
0.9924	-0.2469
-0.4917	0.0693
1.2958	0.2273
1.2346	-0.1143
0.9159	-0.2137
-0.4560	0.1509
1.4667	0.1840
1.4233	-0.0098
1.4080	-0.1780
1.3035	-0.3616
-0.3718	0.1534
0.3753	0.0106
0.0005	-0.4788
-0.2775	0.4083
0.9720	-0.3616
-0.4407	-0.4559
-0.4203	0.4236
1.2295	0.2579
1.2346	-0.0709
0.9567	-0.2418
-0.4815	0.0922
1.3341	0.2299
1.2627	-0.0939
1.0459	-0.2876
-0.4917	-0.0149
1.1224	0.1738
1.0918	-0.1500
0.0668	0.2350
-0.1143	-0.0913
-0.1245	-0.3871
0.8725	0.0667
0.8853	-0.0811
0.1713	0.2324
-0.0225	-0.0837
-0.0276	-0.3794
0.7017	0.0922
1.5228	-0.1117
1.3188	-0.3794
-0.4050	0.1126
1.0459	-0.3769
-0.4330	-0.4610
-0.3642	0.4440
1.4157	0.2528
1.3978	0.0157
1.3749	-0.2137
1.0740	-0.3182
-0.5121	-0.1551
0.8088	0.1432
1.3443	0.0973
1.2907	-0.2265
0.6354	-0.0760
0.6481	0.0412
1.3239	0.1126
1.2627	-0.2239
0.4416	0.0310
-0.1423	-0.4661
0.1126	0.3574
-0.0837	0.0310
-0.0837	-0.2774
1.5253	-0.1143
1.2142	-0.3743
-0.4917	-0.1525
0.9108	0.1330
1.0612	-0.0811
0.3268	0.1279
0.1815	-0.2647
1.0102	0.0208
0.6583	-0.0200
0.9133	-0.0429
0.3498	0.1432
0.1840	-0.2647
1.0281	0.0208
0.6915	-0.0403
0.7246	0.0030
0.8827	-0.0582
0.3192	0.1636
0.1713	-0.2188
1.4157	0.1432
1.3264	-0.1143
1.2627	-0.3437
-0.3259	0.1942
-0.0811	0.1458
-0.1576	-0.1984
-0.3973	-0.1551
1.5457	-0.1321
0.7986	-0.1984
-0.3871	0.2605
1.2958	-0.4508
-0.4203	-0.4279
-0.0199	0.4313
0.0209	0.1101
-0.0480	-0.1959
-0.3540	-0.3055
1.0816	0.1203
0.9643	-0.1525
-0.1729	0.2987
-0.2673	0.0081
-0.2928	-0.2774
1.4412	0.1534
1.3647	-0.0556
1.3519	-0.2876
0.3880	0.0438
0.1050	-0.4304
-0.2571	0.3956
0.6124	-0.1372
0.3804	0.1713
0.2146	-0.2367
1.0816	0.0285
0.7858	-0.1015
0.1279	0.2707
-0.0888	-0.0582
-0.0607	-0.3565
1.0000	0.0463
0.7654	-0.0837
0.3396	0.1738
0.1764	-0.2035
1.5151	-0.0174
1.4692	-0.1984
1.2499	-0.3820
-0.4713	-0.0098
1.3468	0.2324
1.2678	-0.1015
1.0663	-0.2953
-0.4815	0.0004
1.1887	0.2069
1.1428	-0.1602
0.3166	0.1152
0.1713	-0.2800
0.9669	0.0234
0.6226	-0.0098
1.0765	-0.0149
0.6430	-0.0429
0.8572	-0.0276
0.4594	0.1024
0.1636	-0.4100
-0.2775	0.3880
0.8139	-0.2698
-0.5401	-0.0505
0.8419	0.1483
1.2729	0.0667
1.2142	-0.2647
-0.0199	0.2477
-0.1908	-0.1015
-0.2367	-0.3539
1.0332	0.0922
0.8827	-0.1143
-0.0480	0.3013
-0.2214	-0.0327
-0.2163	-0.3259
1.2142	0.1483
1.1250	-0.2086
-0.0123	0.2528
-0.1755	-0.0760
-0.1933	-0.3539
1.0332	0.0846
0.8547	-0.1219
-0.0199	0.2962
-0.1908	-0.0276
-0.1908	-0.3463
1.1632	0.1152
1.0408	-0.2035
-0.2290	0.2783
-0.2673	0.0336
-0.2979	-0.2469
1.5228	-0.1296
0.9720	-0.2902
-0.5223	-0.1500
0.7323	0.1636
-0.4152	-0.1015
1.5406	-0.0225
1.3239	-0.3820
-0.4432	0.0693
1.5304	-0.2621
-0.1296	0.2299
-0.2520	-0.1270
-0.3591	-0.2570
1.3570	0.1789
1.2831	-0.1194
1.0740	-0.2953
-0.4993	0.0081
1.2346	0.2171
1.1887	-0.1372
0.5818	-0.0454
1.0357	-0.0225
0.5308	0.0387
-0.1755	0.1764
-0.2545	-0.1704
-0.3208	0.0871
-0.3616	-0.0684
-0.2647	0.1330
-0.3157	-0.1882
0.2019	0.1024
0.0999	-0.2112
0.0795	0.1534
-0.0531	-0.1347
-0.0913	-0.4228
0.5793	0.1381
0.1509	-0.4661
-0.5656	0.1611
0.8139	0.1840
0.8776	-0.2749
-0.5401	-0.0837
0.8419	0.1534
1.3366	0.0999
1.2831	-0.2239
0.5691	-0.0505
1.0510	-0.0200
0.5742	0.0004
1.3443	0.1152
1.2831	-0.2035
0.7935	-0.1780
-0.2928	0.3064
0.2427	0.0540
0.1560	-0.2953
0.8623	0.0285
0.7450	-0.0352
0.6379	0.0285
1.2244	0.0616
1.1122	-0.2469
-0.3030	0.2350
-0.0786	0.1483
-0.1525	-0.1831
-0.3948	-0.1984
1.4769	0.1330
1.4182	-0.0352
1.4055	-0.1959
1.2627	-0.3590
-0.4305	0.0846
1.5304	-0.2723
-0.1041	0.2324
-0.2392	-0.1296
-0.3591	-0.2545
1.3723	0.1942
1.2856	-0.1219
1.1097	-0.3080
-0.4917	0.0106
1.2601	0.2248
1.2168	-0.1296
0.7144	-0.1143
0.1917	0.2452
-0.0097	-0.0760
-0.0097	-0.3692
0.7399	0.0744
1.2015	0.0310
1.0587	-0.2469
-0.3795	0.1993
0.8343	-0.2698
-0.5401	-0.0811
0.8037	0.1534
1.5075	0.0132
1.4616	-0.0760
1.4514	-0.1780
1.3825	-0.3463
-0.0327	0.2248
-0.1831	-0.1219
-0.2469	-0.3412
1.0485	0.0922
0.8955	-0.1321
-0.0964	0.3038
-0.2443	-0.0200
