-0.2316	-0.4177
0.6991	0.1126
1.0485	-0.3386
-0.5197	-0.2876
0.3982	0.2732
0.1891	-0.1219
-0.2826	-0.4279
0.6099	0.1458
0.0617	-0.4839
-0.4917	0.3166
1.1658	0.2324
1.1811	-0.0888
0.8445	-0.1729
-0.2979	0.3064
0.0234	0.1432
-0.0811	-0.1500
-0.1602	-0.4177
0.6915	0.1024
0.2656	0.0744
0.1534	-0.2774
1.0128	0.0208
0.7374	-0.0811
0.4237	0.1407
0.2223	-0.3182
0.4084	0.1916
0.2223	-0.2392
1.0765	0.0361
0.8266	-0.1194
-0.0174	0.2987
-0.1984	-0.0098
-0.1780	-0.3208
1.3188	0.1687
1.2550	-0.1474
0.8878	-0.2265
-0.4585	0.1916
1.5330	-0.1857
0.1152	0.1585
-0.0276	-0.1219
-0.0735	-0.4100
0.6583	0.1126
-0.3922	0.0693
-0.2188	0.1483
-0.2749	-0.1882
-0.3540	0.0948
-0.3744	-0.0760
-0.3004	0.1330
-0.3361	-0.1653
-0.0786	0.1993
-0.2035	-0.1321
-0.2494	-0.3871
0.9873	0.0846
0.8700	-0.1041
0.0999	0.2554
-0.1117	-0.0327
-0.0735	-0.3182
1.2729	0.1432
1.2168	-0.1831
0.5079	0.0004
0.7144	-0.1780
-0.1831	0.3446
-0.2137	0.1126
-0.2392	-0.2392
0.0591	0.1611
-0.0811	-0.1194
-0.0888	-0.3947
0.7986	0.0693
1.0204	-0.0607
0.4084	0.0922
0.1840	-0.3794
0.0158	0.3625
-0.1627	0.0616
-0.1576	-0.2647
0.1126	0.1407
-0.0174	-0.1245
-0.0531	-0.4049
0.6328	0.1126
-0.2851	-0.4559
0.4339	0.2273
0.2325	-0.1959
1.3723	0.1203
1.3111	-0.1270
1.1607	-0.3157
-0.4509	0.1203
1.4259	-0.4024
-0.4891	-0.0429
1.3851	0.2120
1.3035	-0.0429
1.2958	-0.2800
0.2376	0.1407
0.0999	-0.2035
-0.0939	0.1942
-0.2137	-0.1398
-0.2877	-0.3386
1.0918	0.1177
0.9873	-0.1627
-0.1423	0.2911
-0.2749	-0.0174
-0.2877	-0.2978
1.3978	0.1611
1.3239	-0.0709
1.2958	-0.3055
0.0795	0.2018
-0.0888	-0.0964
-0.0913	-0.3769
0.8853	0.0616
0.8547	-0.0684
0.2580	0.1942
0.0668	-0.1219
-0.0888	-0.4279
0.3651	0.2503
0.1764	-0.1321
-0.3871	-0.3131
1.0306	0.1203
0.9694	-0.1347
-0.0327	0.2834
-0.2061	-0.0378
-0.1831	-0.3386
1.2142	0.1483
1.1403	-0.1933
0.1381	0.1993
-0.0327	-0.1015
-0.0480	-0.3845
0.7807	0.0744
1.0587	-0.0352
0.5640	-0.0021
1.3111	0.1126
1.2499	-0.2061
0.6226	-0.0837
0.6787	0.0310
1.0791	-0.0098
0.7068	-0.0913
0.4059	0.1381
0.2121	-0.3080
0.5334	0.1432
0.1611	-0.4304
-0.3795	0.3727
1.5432	-0.1576
0.0387	0.1916
-0.1143	-0.1143
-0.1143	-0.3794
0.8827	0.0540
0.8547	-0.0837
0.2274	0.2146
0.0438	-0.0990
-0.0174	-0.3947
0.5232	0.1611
0.2350	-0.3794
-0.2698	0.3956
0.4900	-0.0837
1.1326	0.0336
0.8980	-0.1831
-0.2622	0.3038
-0.1551	0.1305
-0.2214	-0.1984
-0.4254	-0.1423
1.3468	-0.4202
-0.5044	-0.1041
1.1479	0.1916
1.1097	-0.1449
0.3651	0.0795
0.1764	-0.3565
0.2631	0.2732
0.0387	-0.0607
0.0285	-0.3488
0.8419	0.0412
0.8470	-0.0633
0.3192	0.1636
0.1560	-0.2112
1.4182	-0.3616
-0.3234	0.2044
-0.2724	0.1024
-0.3081	-0.2035
0.3855	0.0208
0.0183	-0.4610
-0.1780	0.4262
0.1968	0.0693
0.1126	-0.2341
1.4896	-0.0403
1.4182	-0.2698
0.7144	-0.1449
-0.0097	0.3166
-0.1959	0.0106
-0.1908	-0.3004
1.4743	-0.2545
0.3090	0.0795
0.1738	-0.3004
0.7501	0.0463
1.0204	-0.0556
0.4977	0.0387
-0.3412	-0.3590
0.8419	0.1101
1.0689	-0.0429
0.5563	-0.0098
1.3009	0.1228
1.2372	-0.1984
0.6736	-0.1041
0.3676	0.1687
0.1942	-0.2341
1.1071	0.0693
0.9235	-0.1653
-0.2188	0.3013
-0.2316	0.0795
-0.2647	-0.2341
0.2911	0.0463
0.1636	-0.3208
0.5920	0.1152
-0.1092	-0.4788
-0.0939	0.4211
-0.0046	0.1152
-0.0811	-0.1729
-0.2469	-0.4100
0.7629	0.0948
1.2346	0.0667
1.1352	-0.2570
-0.1704	0.2732
-0.2902	-0.0327
-0.3412	-0.2647
1.4896	0.0769
1.4488	-0.0862
1.4412	-0.1984
1.2703	-0.3718
-0.4483	0.0514
1.5483	-0.0429
1.1250	-0.3616
-0.4993	-0.2570
0.5844	0.2095
0.2835	-0.3794
-0.4152	0.3344
1.5483	0.0616
1.2601	-0.3896
-0.4942	-0.0913
1.1046	0.1611
1.0714	-0.1525
0.0617	0.2426
-0.1143	-0.0709
-0.1143	-0.3692
0.9592	0.0565
0.7909	-0.0760
0.2988	0.1789
0.1330	-0.1780
-0.3922	0.0285
-0.1423	0.1611
-0.2265	-0.1806
-0.3999	-0.2290
1.4335	0.1636
1.3647	-0.0429
1.3570	-0.2570
0.8266	-0.1933
-0.4126	0.2324
1.4463	-0.3973
-0.4917	-0.1092
1.1709	0.1942
1.1250	-0.1525
0.2733	0.1203
0.1356	-0.2239
1.5228	-0.1092
1.3494	-0.3565
-0.2265	0.2299
-0.3055	-0.0352
-0.3591	-0.1933
1.3851	-0.4151
-0.4815	-0.0098
1.4361	0.1916
1.3647	-0.0047
1.3672	-0.2137
1.0791	-0.3284
-0.5070	-0.0429
1.1326	0.1916
1.1020	-0.1423
0.2860	0.1458
0.1356	-0.2188
1.5177	-0.0251
1.4616	-0.2239
1.1607	-0.3641
-0.5044	-0.1015
1.0026	0.1509
1.0408	-0.1117
0.1662	0.2095
-0.0021	-0.1041
-0.0633	-0.3973
0.5920	0.1432
0.0617	-0.4686
-0.4764	0.3191
1.2142	0.2528
1.2015	-0.0837
0.8853	-0.2010
-0.4075	0.2222
1.3188	-0.4788
-0.4305	-0.3794
0.2095	0.3523
-0.0199	-0.0021
-0.0021	-0.2953
1.3035	0.1381
1.2423	-0.2137
0.3753	0.0718
0.1764	-0.3947
-0.1372	0.3854
-0.0709	0.1228
-0.1321	-0.2163
-0.3897	-0.0225
0.1687	0.0999
0.0770	-0.2112
-0.3285	0.1203
-0.3642	-0.0709
-0.2979	0.1152
-0.3463	-0.1908
0.5206	-0.0709
1.1709	0.0234
0.9694	-0.2112
-0.3999	0.2044
1.1607	-0.4330
-0.3948	-0.4992
-0.4764	0.3752
1.0485	0.2069
1.1581	-0.0709
0.6915	-0.0862
0.4390	0.1432
0.2325	-0.3463
0.0948	0.3242
-0.1168	0.0030
-0.0939	-0.3157
1.3188	0.1509
1.2499	-0.1959
0.6252	-0.0709
0.7450	-0.0072
0.7884	-0.0352
0.5181	0.0846
-0.0786	-0.4788
-0.1984	0.4185
0.4059	-0.0352
-0.4152	-0.2061
1.2729	0.1916
1.2168	-0.1704
0.5487	-0.0327
1.2117	0.0616
1.0663	-0.2392
-0.3769	0.1967
0.8266	-0.2749
-0.5350	-0.0837
0.7680	0.1636
0.6660	-0.1372
0.1534	0.2630
-0.0480	-0.0505
-0.0225	-0.3539
0.9235	0.0310
0.7425	-0.0403
0.5971	0.0489
1.3672	-0.4202
-0.4738	-0.0531
1.3035	0.2248
1.2346	-0.1347
0.8215	-0.1780
-0.3285	0.2834
0.5691	-0.1168
0.6736	0.0387
1.1734	0.0285
0.9465	-0.1959
-0.3973	0.2044
1.2091	-0.4381
-0.3897	-0.4865
-0.3591	0.4364
1.4157	0.2528
1.3774	0.0106
1.3647	-0.2137
1.1046	-0.3335
-0.5044	-0.1551
0.8598	0.1432
1.1581	-0.0149
0.8470	-0.1653
-0.2877	0.2885
0.0668	0.1075
-0.0148	-0.1908
-0.3693	-0.2953
1.1199	0.1330
1.0204	-0.1831
-0.1882	0.2885
-0.2622	0.0157
-0.2953	-0.2596
1.4820	0.1024
1.4310	-0.0429
1.4182	-0.1806
1.3443	-0.3590
-0.2316	0.2248
-0.2979	-0.0352
-0.3616	-0.1653
1.1734	-0.4177
-0.4407	-0.4202
-0.0301	0.4364
0.0311	0.0948
-0.0225	-0.1908
-0.3744	-0.2749
1.1530	0.1432
1.0714	-0.1831
-0.1398	0.2783
-0.2724	-0.0480
-0.3055	-0.2774
1.3443	0.1738
1.2703	-0.1398
0.9847	-0.2647
-0.5044	0.0081
1.1224	0.1840
1.0944	-0.1525
0.1305	0.2171
-0.0582	-0.1117
-0.0760	-0.3871
0.7042	0.1024
1.5279	-0.0735
1.4463	-0.2953
0.5359	-0.0302
1.2219	0.0718
1.1046	-0.2519
-0.2953	0.2426
-0.1423	0.1356
-0.1959	-0.2112
-0.1372	0.1789
-0.2290	-0.1729
-0.3973	-0.1168
1.2244	-0.4330
-0.4585	-0.3769
0.1968	0.3548
-0.0199	0.0208
-0.0250	-0.2774
1.4794	-0.2953
0.0183	0.2120
-0.1423	-0.1168
-0.1500	-0.3845
0.8470	0.0642
0.9286	-0.0837
0.1432	0.2350
-0.0505	-0.0786
-0.0352	-0.3743
0.8011	0.0667
0.9898	-0.0735
0.2350	0.1764
0.0795	-0.1525
-0.2443	-0.4151
0.6175	0.1432
0.0311	-0.4890
-0.5044	0.2860
1.0689	0.2018
1.1352	-0.0913
0.5155	0.0132
0.4390	-0.0149
-0.4101	-0.0276
0.6685	-0.1678
-0.0097	0.3242
-0.2035	-0.0123
-0.1729	-0.3335
1.2168	0.1432
1.1377	-0.2137
-0.0684	0.2554
-0.2137	-0.0786
-0.2647	-0.3463
1.0893	0.1024
0.9567	-0.1576
-0.2341	0.2962
-0.2367	0.0769
-0.2571	-0.2570
1.4335	-0.3845
-0.4458	0.0565
1.4131	-0.4228
-0.4891	-0.2188
0.8776	0.1177
1.0816	-0.0760
0.3957	0.0922
0.1968	-0.3820
-0.1168	0.3880
-0.1321	0.1024
-0.1602	-0.2469
0.2325	0.0922
0.1381	-0.2545
1.3264	0.1228
1.2703	-0.2086
0.5971	-0.0480
0.9439	-0.0429
0.3319	0.1560
0.1891	-0.2341
1.1505	0.0591
0.9592	-0.1933
-0.3693	0.2299
0.7450	-0.2239
-0.4407	0.2146
1.5304	0.0948
1.4769	-0.2570
0.8011	-0.1959
-0.4126	0.2273
1.5381	-0.2876
-0.3055	0.1764
-0.2953	0.0387
-0.3361	-0.2112
1.3570	-0.4253
-0.4815	-0.2239
0.8292	0.1254
1.1938	0.0081
0.9669	-0.2163
-0.4305	0.1534
1.5585	-0.0531
0.9720	-0.2902
-0.5197	-0.2316
0.5002	0.2350
0.2911	-0.2596
0.6532	0.0642
1.5177	-0.0021
1.4718	-0.1296
1.4565	-0.2519
1.0000	-0.2927
-0.5019	-0.1984
0.5971	0.2044
0.2631	-0.4100
-0.5248	0.1891
0.9796	0.1738
1.1097	-0.0913
0.4543	0.0438
-0.0709	-0.4661
-0.1296	0.4185
0.0795	0.1024
0.0030	-0.2010
-0.4024	-0.1627
1.5100	0.0999
1.4641	-0.0811
1.4565	-0.1933
1.3035	-0.3794
-0.3999	0.1075
0.9694	-0.3437
-0.4611	-0.4100
-0.2520	0.4619
1.4259	-0.4534
-0.4203	-0.3896
0.2248	0.3395
0.0030	-0.0021
0.0107	-0.2902
1.2678	0.1356
1.1913	-0.2239
0.0999	0.2120
-0.0837	-0.1041
-0.1041	-0.3998
0.7272	0.0871
1.2856	0.0795
1.2346	-0.2494
0.1509	0.1764
0.0030	-0.1347
-0.1219	-0.4177
0.5130	0.1738
0.2733	-0.3514
-0.1551	0.3931
-0.0684	0.1228
-0.1372	-0.2061
-0.3795	-0.2647
1.2219	0.1662
1.1683	-0.1831
0.1662	0.1840
0.0107	-0.1270
-0.0939	-0.4228
0.4441	0.2120
0.2503	-0.2418
0.9669	0.0106
0.5895	0.0208
1.3494	0.1203
1.2958	-0.1908
0.8700	-0.2061
-0.4585	0.1534
1.4769	0.1942
1.4131	-0.0098
1.3953	-0.1908
1.3086	-0.3667
-0.3387	0.1764
0.0056	0.1279
-0.0939	-0.1806
-0.2979	-0.3565
0.9363	0.0744
0.8674	-0.1015
0.0693	0.2605
-0.1347	-0.0556
-0.1117	-0.3539
1.0204	0.0565
0.8164	-0.1015
0.0795	0.2834
-0.1321	-0.0480
-0.0939	-0.3386
1.0791	0.0820
0.8904	-0.1449
-0.1908	0.2987
-0.2469	0.0412
-0.2749	-0.2749
1.5177	0.0489
1.4743	-0.1321
1.4284	-0.2851
0.6813	-0.1245
0.2554	0.2273
0.0617	-0.1143
-0.0531	-0.4228
0.3370	0.2375
0.1407	-0.1245
-0.1780	-0.4406
0.3651	0.2452
0.1815	-0.1423
-0.3744	-0.3055
1.0153	0.1024
0.9439	-0.1321
-0.0786	0.2936
-0.2443	-0.0327
-0.2571	-0.3335
1.3060	0.1585
1.2448	-0.1857
0.5716	-0.0378
1.0918	-0.0123
0.6405	-0.0403
0.8751	-0.0429
0.3676	0.1483
0.2121	-0.2723
0.8419	0.0208
0.7450	-0.0225
0.6787	0.0106
1.0434	-0.0352
0.4390	0.0718
0.0948	-0.4508
-0.3285	0.3854
1.4616	-0.4202
-0.4687	-0.2265
0.8853	0.1228
1.0714	-0.0760
0.3931	0.0897
0.1917	-0.3692
-0.0046	0.3650
-0.1551	0.0463
-0.1576	-0.2953
1.5304	-0.0556
1.3851	-0.3590
-0.1525	0.2273
-0.2571	-0.1143
-0.3667	-0.2010
1.5381	-0.0276
1.3749	-0.3718
-0.2494	0.2248
-0.3132	-0.0200
-0.3591	-0.1704
1.1479	-0.4126
-0.4560	-0.4075
-0.0097	0.4338
0.0056	0.1050
-0.0607	-0.1831
-0.3310	-0.3437
0.9771	0.0922
0.9031	-0.1117
-0.0021	0.2885
-0.1933	-0.0505
-0.1755	-0.3488
1.1020	0.0999
0.9516	-0.1704
-0.2724	0.2783
-0.1551	0.1254
-0.2010	-0.2316
0.2350	0.0922
0.1432	-0.2545
1.2372	0.0999
1.1505	-0.2367
-0.1551	0.2656
-0.2851	-0.0709
-0.3514	-0.2469
1.4463	0.1432
1.3672	-0.0531
1.3621	-0.2774
0.5563	-0.0454
1.0893	-0.0098
0.7017	-0.0735
0.4798	0.1024
0.1509	-0.4355
-0.3897	0.3497
1.5508	0.0106
1.0332	-0.3361
-0.5197	-0.2570
0.5283	0.2120
0.2937	-0.3055
0.2248	0.2758
0.0107	-0.0607
0.0183	-0.3463
0.9312	0.0336
0.7170	-0.0403
0.6685	0.0208
1.0714	-0.0072
0.6507	-0.0480
0.8139	-0.0149
0.5716	0.0463
0.5436	-0.0888
0.9057	-0.0480
0.4212	0.0948
0.1942	-0.3820
-0.1627	0.3829
0.0260	0.1126
-0.0556	-0.1933
-0.3234	-0.3463
0.9567	0.0846
0.8776	-0.0964
0.0285	0.2758
-0.1653	-0.0607
-0.1474	-0.3565
1.0408	0.0693
0.8445	-0.1092
-0.0072	0.3013
-0.1984	-0.0429
-0.1755	-0.3361
1.1454	0.1101
1.0102	-0.2010
-0.2596	0.2681
-0.2188	0.1024
-0.2622	-0.2469
0.8215	-0.2570
-0.5248	0.0591
1.1224	0.1865
1.1071	-0.1423
0.2758	0.1534
0.1330	-0.2010
1.2015	-0.4100
-0.4840	-0.3080
0.4467	0.2426
0.2554	-0.1959
1.1887	0.0820
1.0663	-0.2265
-0.2647	0.2630
-0.2367	0.0871
-0.2673	-0.2392
0.9286	-0.2953
-0.5376	-0.2112
0.5436	0.2299
0.3090	-0.3055
0.0872	0.3166
-0.1296	0.0004
-0.0888	-0.3055
1.3570	0.1611
1.2882	-0.1500
0.9567	-0.2418
-0.5044	0.0336
1.1709	0.2120
1.1403	-0.1423
0.2988	0.1228
0.1687	-0.2469
1.1403	0.0693
0.9363	-0.1908
-0.3132	0.2656
0.0387	0.1356
-0.0633	-0.1704
-0.2520	-0.3947
0.7960	0.0897
1.1148	-0.0302
0.6736	-0.0633
0.6583	0.0361
1.1734	0.0310
0.9592	-0.2086
-0.3948	0.2018
1.1326	-0.4202
-0.4075	-0.4839
-0.3973	0.4287
1.3239	0.2732
1.2831	-0.0225
1.2423	-0.3055
-0.1219	0.2426
-0.2469	-0.0786
-0.3285	-0.2672
1.3443	0.1840
1.2754	-0.1168
1.0740	-0.2953
-0.4840	0.0208
1.2423	0.2222
1.1913	-0.1372
0.6991	-0.1168
0.2427	0.2248
0.0438	-0.1143
-0.0556	-0.4202
0.4339	0.2044
0.2427	-0.2469
0.9388	-0.0021
0.6201	0.0106
1.1607	0.0361
0.9439	-0.2035
-0.3667	0.2350
0.6099	-0.1347
0.3727	0.1560
0.2044	-0.2647
0.9694	0.0055
0.6201	-0.0098
1.0561	-0.0225
0.5869	-0.0021
1.1938	0.0591
1.0561	-0.2341
-0.3565	0.2069
0.5206	-0.0913
0.9771	-0.0352
0.4390	0.0820
0.1330	-0.4177
-0.2851	0.3880
0.9082	-0.3233
-0.5019	-0.3208
0.1024	0.4083
-0.0301	0.0616
-0.0556	-0.2239
-0.3285	0.1152
-0.3565	-0.0607
-0.3285	0.0897
-0.3693	-0.1296
0.0642	0.1534
-0.0582	-0.1372
-0.1117	-0.4151
0.6150	0.1305
-0.0760	-0.5018
-0.3030	0.4185
1.1811	-0.4508
-0.3973	-0.4967
-0.3744	0.4389
1.3876	0.2707
1.3672	0.0183
1.3570	-0.2137
1.0332	-0.3029
-0.5172	-0.0837
0.9694	0.1534
1.0587	-0.1015
0.2911	0.1432
0.1458	-0.2188
1.4667	0.0795
1.3978	-0.0480
1.4131	-0.1984
1.2958	-0.3692
-0.3132	0.1967
-0.2061	0.1152
-0.2571	-0.2188
0.0922	0.1432
-0.0301	-0.1372
-0.1270	-0.4151
0.6609	0.1177
-0.3693	0.0693
-0.1449	0.1662
-0.2188	-0.1908
-0.3999	-0.0149
-0.0735	0.1738
-0.1755	-0.1525
-0.2928	-0.3616
0.9822	0.0820
0.8725	-0.1092
0.0209	0.2732
-0.1729	-0.0403
-0.1321	-0.3361
1.1326	0.1075
1.0102	-0.1831
-0.2469	0.2860
-0.2392	0.0922
-0.2596	-0.2443
1.1938	-0.4126
-0.4764	-0.3590
0.2707	0.3319
0.0489	-0.0123
0.0413	-0.3055
1.1505	0.0922
1.0179	-0.1933
-0.2571	0.2860
-0.2443	0.0897
-0.2775	-0.2392
0.7476	-0.2035
-0.3361	0.3064
0.3753	-0.0098
-0.1015	-0.4712
-0.0021	0.3931
-0.1219	0.1024
-0.1551	-0.2265
-0.4356	-0.1423
1.4284	-0.3667
-0.4177	0.1305
0.5028	-0.0760
1.1607	0.0361
0.9924	-0.1984
-0.3285	0.2656
0.0107	0.1458
-0.1117	-0.1551
-0.1627	-0.3947
0.7807	0.0846
1.1020	-0.0225
0.7680	-0.1066
0.0897	0.2732
-0.1219	-0.0302
-0.0862	-0.3055
1.3749	0.1662
1.2933	-0.1092
1.1913	-0.3182
-0.3693	0.1916
0.2197	0.0718
0.1203	-0.2545
1.2270	0.1279
1.1403	-0.2214
0.0795	0.2171
-0.0964	-0.0888
-0.0837	-0.3539
0.9975	0.0642
0.8241	-0.0939
0.1458	0.2503
-0.0327	-0.0505
-0.0199	-0.3386
1.0102	0.0616
0.8113	-0.0888
0.1534	0.2426
-0.0429	-0.0556
-0.0301	-0.3565
0.9771	0.0438
0.7552	-0.0811
0.3880	0.1534
0.2121	-0.2800
0.8062	0.0259
0.8343	-0.0607
0.3472	0.1534
0.1917	-0.2392
1.1428	0.0718
0.9975	-0.1959
-0.2826	0.2732
-0.1576	0.1305
-0.2137	-0.2010
-0.3948	-0.0021
-0.1117	0.1713
-0.2061	-0.1576
-0.3310	-0.3131
1.1479	0.1534
1.0918	-0.1857
0.0566	0.2375
-0.1296	-0.0735
-0.1092	-0.3641
0.9567	0.0565
0.8062	-0.0709
0.2911	0.1840
0.1228	-0.1551
-0.3973	-0.2392
1.2168	0.1738
1.1530	-0.1729
0.3447	0.0922
0.1840	-0.3208
0.5971	0.1126
-0.1806	-0.4686
0.0922	0.3650
-0.0964	0.0387
-0.1041	-0.2570
0.0719	0.1509
-0.0684	-0.1296
-0.0990	-0.4024
0.7399	0.0744
1.2015	0.0540
1.0995	-0.2494
-0.2035	0.2707
-0.2979	0.0004
-0.3183	-0.2469
1.4998	-0.2137
0.5206	-0.0352
1.3468	0.1254
1.2831	-0.1449
1.1275	-0.3182
-0.3973	0.1534
0.8445	-0.2749
-0.5401	-0.0913
0.7884	0.1509
1.5151	-0.1959
1.0077	-0.3208
-0.5197	-0.1653
0.7297	0.1611
-0.4152	-0.0098
0.6660	-0.1729
0.0234	0.3064
-0.1729	-0.0047
-0.1576	-0.3157
1.3953	0.1636
1.3035	-0.0913
1.2550	-0.3310
-0.1525	0.2426
-0.2775	-0.0709
-0.3489	-0.2596
1.4488	0.1534
1.3698	-0.0225
1.3774	-0.2137
1.1403	-0.3488
-0.4968	-0.0021
1.2423	0.2324
1.1964	-0.1245
0.7093	-0.1117
0.2121	0.2324
0.0234	-0.0939
-0.0225	-0.3896
0.6150	0.1228
-0.1525	-0.4661
0.0209	0.3880
-0.1041	0.0744
-0.1372	-0.2239
-0.4177	-0.0327
0.2095	0.0922
0.1101	-0.2137
0.6226	-0.1296
0.4161	0.1407
0.2350	-0.3080
0.4620	0.1611
0.2427	-0.3284
0.2350	0.2732
0.0209	-0.0480
0.0362	-0.3259
0.9694	0.0412
0.7603	-0.0709
0.4059	0.1356
0.2146	-0.2953
0.5614	0.1228
