0.3651	0.0897
0.1891	-0.3463
0.1968	0.2962
-0.0199	-0.0327
0.0005	-0.3157
1.1403	0.0871
0.9949	-0.1933
-0.2877	0.2732
-0.1398	0.1356
-0.2112	-0.2137
-0.3948	0.0132
-0.2239	0.1534
-0.2800	-0.2035
-0.2341	0.1687
-0.3132	-0.1755
-0.2520	0.1662
-0.3055	-0.1831
-0.1729	0.1891
-0.2673	-0.1831
-0.4254	-0.1296
1.2168	-0.4177
-0.4789	-0.3514
0.3115	0.3140
0.0795	-0.0429
0.0821	-0.3437
0.7833	0.0514
1.0000	-0.0684
0.3294	0.1330
0.1840	-0.2469
1.1275	0.0591
0.9261	-0.1729
-0.2851	0.2911
-0.1245	0.1407
-0.1959	-0.2061
-0.4075	-0.1525
1.4973	-0.2851
-0.1015	0.2324
-0.2392	-0.1117
-0.3081	-0.3259
1.1658	0.1407
1.0740	-0.1882
-0.0964	0.2809
-0.2622	-0.0505
-0.2800	-0.3208
1.2219	0.1483
1.1530	-0.1908
0.1254	0.2044
-0.0480	-0.1066
-0.0556	-0.3973
0.6838	0.0999
1.4692	-0.3055
-0.0148	0.2222
-0.1653	-0.1066
-0.1933	-0.3718
0.9261	0.0616
0.8343	-0.0888
0.1891	0.2324
-0.0148	-0.0837
-0.0097	-0.3769
0.7221	0.0820
1.2933	0.0897
1.2423	-0.2341
0.2299	0.1407
0.0897	-0.1908
-0.3999	0.0055
0.0999	0.1305
-0.0148	-0.1525
-0.1500	-0.4355
0.5028	0.1815
0.2809	-0.3310
0.0464	0.3370
-0.1525	0.0285
-0.1347	-0.2876
1.4998	-0.2163
0.4339	0.0208
-0.1270	-0.4763
0.0132	0.3956
-0.1321	0.0846
-0.1525	-0.2443
-0.2877	0.1560
-0.3463	-0.1602
-0.2239	0.1815
-0.3004	-0.1857
-0.3795	0.0744
-0.3795	-0.0149
-0.3922	0.0106
-0.3820	0.0234
-0.3948	-0.0098
-0.3489	0.0922
-0.3897	-0.1296
0.0387	0.1713
-0.1092	-0.1219
-0.0786	-0.4024
0.7731	0.0795
1.1046	-0.0327
0.7068	-0.0837
0.4467	0.1203
0.2248	-0.3667
-0.0964	0.3931
-0.1653	0.1075
-0.2010	-0.2392
-0.2724	0.1662
-0.3336	-0.1729
-0.2673	0.1662
-0.3157	-0.1831
-0.2571	0.1738
-0.3157	-0.1729
-0.2800	0.1713
-0.3438	-0.1729
-0.1908	0.1967
-0.2775	-0.1729
-0.4228	-0.1653
1.4361	-0.3361
-0.3616	0.2044
-0.2494	0.1432
-0.2953	-0.2188
0.0515	0.1713
-0.0939	-0.1168
-0.0607	-0.3947
0.7705	0.0744
1.1326	-0.0098
0.8394	-0.1474
-0.1857	0.3293
-0.2571	0.0667
-0.2800	-0.2774
1.4157	-0.3565
-0.3871	0.1738
-0.0811	0.1636
-0.1831	-0.1449
-0.2571	-0.3973
0.9184	0.0846
0.9006	-0.0888
0.1330	0.2477
-0.0786	-0.0607
-0.0429	-0.3412
1.1071	0.0795
0.9363	-0.1678
-0.2239	0.3089
-0.2749	0.0642
-0.2902	-0.2647
1.3341	-0.4100
-0.5197	-0.1194
1.0969	0.1687
1.0740	-0.1372
0.1407	0.2146
-0.0378	-0.0811
-0.0276	-0.3692
0.8496	0.0616
0.8980	-0.0633
0.2248	0.2095
0.0464	-0.0990
-0.0072	-0.4075
0.4696	0.1840
0.2733	-0.2825
0.5512	0.1305
0.1330	-0.4508
-0.4917	0.3064
1.2040	0.2477
1.2040	-0.0709
0.8776	-0.2035
-0.3973	0.2503
0.9592	-0.3361
-0.5044	-0.3386
0.1075	0.4058
-0.0327	0.0769
-0.0760	-0.2061
-0.3871	-0.2774
1.1734	0.1560
1.1148	-0.1780
0.0948	0.2248
-0.0990	-0.0735
-0.0658	-0.3565
0.9873	0.0514
0.8062	-0.0862
0.2248	0.2222
0.0311	-0.0913
0.0081	-0.3871
0.5844	0.1330
0.0617	-0.4737
-0.4687	0.3446
1.2576	0.2579
1.2474	-0.0505
1.0918	-0.2749
-0.4356	0.1585
1.2754	-0.4355
-0.4687	-0.3590
0.3370	0.2962
0.1203	-0.0709
0.0464	-0.3973
0.3651	0.2248
0.1764	-0.1449
-0.4407	-0.2035
1.3621	0.1916
1.2984	-0.0684
1.2117	-0.3131
-0.2979	0.2401
-0.2749	0.0846
-0.3004	-0.2265
0.7450	-0.1959
-0.2775	0.3268
-0.0607	0.1432
-0.1525	-0.1551
-0.2367	-0.3947
0.8725	0.0871
0.9618	-0.0837
0.2095	0.1942
0.0285	-0.1117
-0.0301	-0.4075
0.4926	0.1764
0.2733	-0.3208
0.1560	0.3064
-0.0735	0.0030
-0.0531	-0.2774
1.2831	-0.4024
-0.5146	-0.1092
1.0689	0.1611
1.0638	-0.1347
0.1993	0.1993
0.0311	-0.1143
-0.0480	-0.4228
0.4237	0.2044
0.2376	-0.2239
1.1148	0.0463
0.9082	-0.1653
-0.2571	0.2987
-0.2035	0.1254
-0.2545	-0.2418
0.1636	0.1152
0.0464	-0.1729
-0.2443	-0.4355
0.5844	0.1662
0.1891	-0.4406
-0.5452	0.2248
1.0179	0.1942
1.1301	-0.0760
0.6150	-0.0505
0.9312	-0.0403
0.3651	0.1254
0.2121	-0.2825
0.7833	0.0387
0.9516	-0.0684
0.2376	0.1891
0.0744	-0.1423
-0.1551	-0.4432
0.4135	0.2299
0.2172	-0.1857
1.4361	-0.3463
-0.2239	0.2375
-0.3259	-0.0837
-0.3871	-0.1576
1.1683	-0.4075
-0.4840	-0.3769
0.1993	0.3523
-0.0123	0.0336
-0.0301	-0.2596
0.2325	0.0871
0.1330	-0.2265
1.4947	-0.0302
1.4361	-0.2596
0.6966	-0.1321
0.1509	0.2554
-0.0531	-0.0403
-0.0225	-0.3233
1.1454	0.0897
1.0153	-0.2035
-0.2086	0.2911
-0.2851	0.0310
-0.3030	-0.2519
1.4820	-0.2672
0.1254	0.1738
-0.0429	-0.1219
-0.0429	-0.3922
0.7068	0.0922
1.4208	0.0973
1.3545	-0.0913
1.3162	-0.3055
0.2682	0.1254
0.1305	-0.2239
1.5075	-0.0276
1.4565	-0.2239
1.0561	-0.3284
-0.5299	-0.1296
0.8751	0.1432
1.1428	-0.0123
0.8827	-0.1704
-0.2851	0.2962
-0.0327	0.1407
-0.1347	-0.1653
-0.2367	-0.3896
0.8904	0.0820
0.9286	-0.0811
0.1815	0.2171
-0.0097	-0.0811
-0.0097	-0.3616
0.7986	0.0591
0.9847	-0.0607
0.3345	0.1407
0.1662	-0.2469
1.1607	0.0795
1.0434	-0.2112
-0.2851	0.2579
-0.2061	0.1126
-0.2545	-0.2341
0.4339	-0.0200
-0.3871	-0.3157
0.9643	0.0948
0.9363	-0.1015
0.0107	0.2834
-0.1780	-0.0403
-0.1525	-0.3412
1.1046	0.0948
0.9592	-0.1729
-0.2341	0.3038
-0.2571	0.0769
-0.2749	-0.2545
1.3494	-0.4228
-0.4891	-0.1627
0.9771	0.1228
1.0000	-0.1245
-0.0072	0.2732
-0.1933	-0.0709
-0.1780	-0.3692
0.9949	0.0693
0.7833	-0.0837
0.2733	0.2095
0.0872	-0.1449
-0.1755	-0.4483
0.3574	0.2554
0.1560	-0.1245
-0.1627	-0.4661
0.2248	0.3089
-0.0174	-0.0200
0.0107	-0.3029
1.2448	0.1177
1.1709	-0.2239
-0.0097	0.2554
-0.1831	-0.0837
-0.1959	-0.3743
0.9745	0.0642
0.8088	-0.0913
0.2019	0.2375
0.0030	-0.0811
0.0056	-0.3794
0.6201	0.1279
-0.1372	-0.4992
-0.1729	0.4287
0.2350	0.0387
0.1611	-0.3055
0.8292	0.0208
0.8062	-0.0480
0.4288	0.1152
0.2274	-0.3667
-0.0097	0.3727
-0.1857	0.0463
-0.1780	-0.2978
1.4820	-0.2672
0.1126	0.1815
-0.0480	-0.1219
-0.0709	-0.4202
0.5818	0.1509
0.1611	-0.4585
-0.5758	0.1152
0.7144	0.1942
-0.0148	-0.5018
-0.5197	0.2834
0.9898	0.1865
1.1530	-0.0531
0.7578	-0.1245
0.0107	0.2962
-0.1755	-0.0251
-0.1627	-0.3565
1.1224	0.0871
0.9516	-0.1653
-0.2698	0.2911
-0.1831	0.1279
-0.2290	-0.2367
0.1305	0.1279
0.0132	-0.1653
-0.1627	-0.4381
0.4237	0.2146
0.2452	-0.2035
1.2423	0.0999
1.1530	-0.2367
-0.1704	0.2656
-0.2928	-0.0607
-0.3489	-0.2672
1.4029	0.1534
1.3443	-0.0760
1.2907	-0.3208
-0.1908	0.2452
-0.2979	-0.0837
-0.3693	-0.2035
1.5253	-0.1551
0.6864	-0.1270
0.2095	0.2528
-0.0021	-0.0633
0.0107	-0.3667
0.8062	0.0616
0.9796	-0.0709
0.2299	0.1916
0.0668	-0.1245
-0.1015	-0.4508
0.3166	0.2758
0.0948	-0.0837
0.0464	-0.4024
0.3039	0.2528
0.1024	-0.0837
0.0438	-0.4100
0.2529	0.2860
0.0260	-0.0429
0.0413	-0.3361
0.9694	0.0310
0.7119	-0.0403
0.6940	0.0106
1.0026	-0.0480
0.4008	0.1101
0.2019	-0.3590
0.1101	0.3370
-0.1143	0.0208
-0.1015	-0.2978
1.5177	-0.1117
1.1683	-0.3590
-0.5172	-0.1627
0.8776	0.1330
1.1326	-0.0276
0.7374	-0.1143
0.1764	0.2477
-0.0276	-0.0633
-0.0097	-0.3590
0.8904	0.0514
0.7884	-0.0607
0.4084	0.1432
0.2223	-0.2978
0.5461	0.1381
0.1713	-0.4381
-0.5095	0.2681
1.0995	0.2120
1.1403	-0.0990
0.5665	-0.0149
1.2244	0.0795
1.1071	-0.2469
-0.2724	0.2554
-0.2341	0.0948
-0.2698	-0.2341
0.9006	-0.2774
-0.5427	-0.1474
0.7017	0.1636
-0.1959	-0.4763
0.0489	0.3803
-0.1092	0.0667
-0.1245	-0.2469
-0.0301	0.1840
-0.1602	-0.1321
-0.1780	-0.3973
0.8598	0.0718
0.9439	-0.0760
0.1815	0.2299
-0.0225	-0.0913
-0.0072	-0.3667
0.7680	0.0693
1.0714	-0.0403
0.5895	-0.0098
1.1734	0.0463
0.9898	-0.2112
-0.3565	0.2426
0.2937	0.0336
0.1560	-0.3641
0.3013	0.2426
0.0948	-0.1041
0.0005	-0.4279
0.2656	0.2758
0.0515	-0.0480
0.0540	-0.3514
0.8088	0.0540
0.9592	-0.0735
0.2146	0.2018
0.0336	-0.1219
-0.0352	-0.4253
0.3625	0.2375
0.1585	-0.1423
-0.3387	-0.3667
0.8241	0.0973
1.0893	-0.0429
0.5640	0.0004
1.3851	0.1126
1.3264	-0.1347
1.1709	-0.3335
-0.4611	0.0616
1.4871	0.1560
1.4361	-0.0276
1.4131	-0.1423
1.3978	-0.3080
0.3931	0.0412
0.0540	-0.4406
-0.2188	0.4032
0.3753	-0.0200
-0.1780	-0.4636
0.1738	0.3293
-0.0378	0.0234
-0.0327	-0.2621
1.2754	-0.4024
-0.5146	-0.1984
0.8725	0.1330
1.1199	-0.0327
0.7603	-0.1041
0.1356	0.2605
-0.0658	-0.0454
-0.0429	-0.3284
1.1173	0.0871
0.9694	-0.1729
-0.2367	0.2911
-0.2469	0.0795
-0.2775	-0.2392
0.8062	-0.2443
-0.5019	0.1458
1.3723	0.2350
1.3060	-0.0302
1.2882	-0.2876
0.2325	0.1381
0.1075	-0.1933
-0.3055	0.1407
-0.3489	-0.0964
-0.2647	0.1432
-0.3259	-0.1857
-0.0352	0.1815
-0.1576	-0.1270
-0.1959	-0.3871
0.8700	0.0642
0.9159	-0.0837
0.1611	0.2248
-0.0327	-0.0735
-0.0123	-0.3565
0.9108	0.0489
0.7858	-0.0607
0.4135	0.1279
0.2121	-0.3335
0.3549	0.2171
0.1560	-0.1551
-0.4279	-0.1678
1.4641	0.1381
1.4208	-0.0276
1.4029	-0.1857
1.2882	-0.3539
-0.3259	0.2095
-0.1729	0.1407
-0.2341	-0.2112
-0.3004	0.1305
-0.3463	-0.1245
-0.1372	0.1916
-0.2367	-0.1729
-0.3795	-0.2672
1.3035	0.1840
1.2423	-0.1423
0.8368	-0.1908
-0.3591	0.2834
0.4467	-0.0556
1.4769	-0.2647
0.4288	0.0106
-0.2443	-0.4279
0.4773	0.2146
0.2707	-0.2672
0.6736	0.0718
1.4182	0.1024
1.3468	-0.1041
1.3162	-0.3208
0.0719	0.2018
-0.0964	-0.1015
-0.0913	-0.3769
0.8827	0.0591
0.8470	-0.0709
0.2452	0.2018
0.0719	-0.1143
-0.0837	-0.4330
0.3829	0.2426
0.1891	-0.1500
-0.4381	-0.0225
0.4722	-0.0480
1.4871	-0.0454
1.4514	-0.1984
1.1862	-0.3616
-0.5095	-0.0276
1.2397	0.2299
1.1938	-0.1194
0.8062	-0.1602
-0.2137	0.3293
-0.1755	0.1126
-0.2239	-0.2112
-0.3361	0.1024
-0.3693	-0.0505
-0.3463	0.0871
-0.3820	-0.1092
-0.2061	0.1789
-0.2877	-0.1627
-0.4203	-0.1372
1.2040	-0.4126
-0.5172	-0.2749
0.6175	0.1967
0.2121	-0.4228
-0.5197	0.2707
1.1071	0.2197
1.1479	-0.0760
0.7884	-0.1525
-0.1143	0.3191
-0.2469	0.0106
-0.2494	-0.3080
1.3290	0.1636
1.2703	-0.1576
0.8062	-0.1602
-0.2775	0.3115
-0.0174	0.1305
-0.1092	-0.1831
-0.2749	-0.3769
0.8674	0.0820
0.9847	-0.0811
0.1560	0.2299
-0.0352	-0.0939
-0.0276	-0.3820
0.7578	0.0693
1.1301	-0.0251
0.7833	-0.1296
-0.0174	0.3038
-0.2061	-0.0225
-0.1831	-0.3284
1.2040	0.1305
1.1148	-0.2061
-0.0990	0.2732
-0.2571	-0.0760
-0.2800	-0.3208
1.2091	0.1432
1.1326	-0.1984
0.0056	0.2579
-0.1857	-0.0862
-0.1755	-0.3692
1.0128	0.0744
0.8674	-0.1168
-0.0327	0.2936
-0.2163	-0.0505
-0.2061	-0.3590
1.0918	0.0897
0.9031	-0.1347
-0.1959	0.3166
-0.2469	0.0591
-0.2724	-0.2774
1.5024	0.0489
1.4667	-0.1245
1.4182	-0.2953
0.3778	0.0565
0.1509	-0.4151
-0.2443	0.3931
0.3753	-0.0200
-0.1117	-0.4916
-0.1551	0.4185
0.0948	0.1024
0.0081	-0.1984
-0.3540	-0.3335
0.9898	0.0922
0.8853	-0.1143
-0.0352	0.2936
-0.2086	-0.0352
-0.1959	-0.3539
1.0918	0.0871
0.9184	-0.1525
-0.2316	0.2962
-0.2443	0.0693
-0.2622	-0.2698
1.5177	-0.1933
0.4951	-0.0251
1.3570	-0.4151
-0.4891	-0.1041
1.1301	0.1636
1.0714	-0.1729
-0.0556	0.2758
-0.2265	-0.0709
-0.2673	-0.3386
1.0969	0.0999
0.9592	-0.1653
-0.2545	0.2936
-0.2188	0.0999
-0.2469	-0.2545
1.1556	-0.3973
-0.4560	-0.4075
-0.0301	0.4466
-0.0097	0.1024
-0.0684	-0.1959
-0.3336	-0.3565
0.9439	0.0820
0.8853	-0.1041
0.0413	0.2783
-0.1678	-0.0582
-0.1219	-0.3565
1.0383	0.0616
0.8266	-0.1015
0.0744	0.2758
-0.1372	-0.0480
-0.0964	-0.3514
1.0714	0.0667
0.8496	-0.1296
-0.0556	0.3166
-0.2341	-0.0225
-0.2290	-0.3335
1.2091	0.1432
1.1148	-0.2137
-0.0913	0.2732
-0.2443	-0.0760
-0.2826	-0.3284
1.1683	0.1279
1.0612	-0.2035
-0.2035	0.2783
-0.2851	0.0004
-0.3336	-0.2570
1.4896	0.0999
1.4412	-0.0607
1.4259	-0.2137
1.1301	-0.3361
-0.5044	-0.1780
0.8062	0.1407
1.3545	0.1024
1.3086	-0.2086
0.7578	-0.1525
-0.1653	0.3344
-0.2188	0.0667
-0.2290	-0.2647
1.5304	-0.1831
0.6430	-0.1117
0.4773	0.1203
0.2172	-0.3871
-0.2826	0.3931
0.7680	-0.2341
-0.4917	0.1611
1.3723	0.2324
1.3035	-0.0505
1.2448	-0.3131
-0.2341	0.2401
-0.2979	-0.0098
-0.3540	-0.2086
1.4718	-0.3463
-0.3361	0.1865
-0.2392	0.1152
-0.2775	-0.2188
0.5002	-0.0531
1.3519	0.1152
1.3009	-0.1831
0.8878	-0.2112
-0.4687	0.1509
1.4590	0.2018
1.4004	-0.0098
1.3902	-0.2163
1.0944	-0.3361
-0.4968	-0.1831
0.7476	0.1585
0.1789	0.1101
0.0770	-0.2086
-0.0097	0.1764
-0.1245	-0.1423
-0.2188	-0.3947
0.8292	0.0769
1.0204	-0.0760
0.2784	0.1534
0.1305	-0.1933
0.2554	0.0897
0.1509	-0.2647
1.1275	0.0591
0.8878	-0.1576
-0.2469	0.3064
-0.1627	0.1330
-0.2137	-0.2341
-0.0072	0.1815
-0.1321	-0.1347
-0.1831	-0.4100
0.7552	0.0897
1.2499	0.0489
1.1632	-0.2647
-0.2749	0.2426
-0.2775	0.0591
-0.3055	-0.2519
1.5100	-0.2418
0.2121	0.1330
0.0922	-0.1831
-0.4152	-0.0607
1.0536	-0.3590
-0.4611	-0.4202
-0.1806	0.4695
0.6736	-0.1780
-0.1347	0.3497
-0.2392	0.0540
-0.2392	-0.2927
1.5075	0.0208
1.4667	-0.1882
1.2117	-0.3743
-0.5044	-0.0913
1.0765	0.1560
1.0332	-0.1500
-0.0276	0.2707
-0.2061	-0.0633
-0.2188	-0.3590
1.0510	0.0769
0.9031	-0.1270
-0.1449	0.3115
-0.2647	-0.0047
-0.2673	-0.2927
1.3749	0.1713
1.2907	-0.1321
1.0918	-0.3055
-0.4993	-0.0200
1.1760	0.2044
1.1326	-0.1551
0.2605	0.1560
0.1126	-0.1959
0.1101	0.1534
-0.0199	-0.1525
-0.1474	-0.4279
0.5283	0.1636
0.2682	-0.3769
-0.3361	0.3752
1.0510	-0.3871
-0.4356	-0.4865
-0.4228	0.4262
1.2295	0.2630
1.2270	-0.0607
1.0383	-0.2647
-0.4789	0.0820
1.4131	0.2146
1.3545	-0.0098
1.3468	-0.2621
0.5844	-0.0607
0.9516	-0.0276
0.4033	0.1024
0.2044	-0.3488
0.1407	0.3064
-0.0709	-0.0047
-0.0531	-0.2927
1.4106	0.1381
1.3392	-0.0837
1.2958	-0.3233
-0.0276	0.2273
-0.1755	-0.1015
-0.2112	-0.3616
0.9771	0.0718
0.8419	-0.0964
0.1126	0.2681
-0.0964	-0.0505
-0.0684	-0.3488
1.0383	0.0667
0.8164	-0.1015
0.0872	0.2707
-0.1168	-0.0505
-0.0913	-0.3412
1.0995	0.0846
0.9159	-0.1551
-0.2061	0.3064
-0.2392	0.0693
-0.2673	-0.2596
1.4641	-0.3335
-0.2494	0.2222
-0.3285	-0.0556
-0.3871	-0.1423
0.9057	-0.2953
-0.5503	-0.1602
0.6609	0.1840
0.0821	-0.4839
-0.5580	0.2095
0.8649	0.1840
1.4233	0.0795
1.3596	-0.1245
1.3443	-0.3157
0.1203	0.1840
-0.0352	-0.1321
-0.1041	-0.4100
0.5793	0.1483
0.1560	-0.4585
-0.5580	0.1738
0.8547	0.1738
1.3978	0.1075
1.3366	-0.1551
1.1836	-0.3335
-0.4738	0.0310
1.3851	0.2248
1.3162	-0.0352
1.2907	-0.3055
-0.0072	0.2273
-0.1729	-0.1015
-0.2061	-0.3692
0.9796	0.0667
0.8139	-0.0939
0.1738	0.2426
-0.0352	-0.0811
-0.0301	-0.3718
0.8037	0.0565
0.9720	-0.0811
0.2248	0.1840
0.0540	-0.1423
-0.1423	-0.4406
0.4084	0.2171
0.2248	-0.1984
1.3672	0.1330
1.2958	-0.1576
1.0714	-0.3080
-0.4968	-0.0098
1.1658	0.2069
1.1275	-0.1449
0.3345	0.0973
0.1840	-0.3080
0.6991	0.0718
1.3086	0.1075
1.2448	-0.2367
0.3727	0.0820
0.1687	-0.3692
0.1126	0.3268
-0.1015	0.0106
-0.0811	-0.2927
1.5075	0.0412
1.4590	-0.0939
1.4386	-0.1984
1.2907	-0.3616
-0.4075	0.1279
0.8802	-0.3157
-0.5248	-0.2239
0.4441	0.2732
0.2274	-0.1806
1.5202	-0.0607
1.4488	-0.2825
0.5079	-0.0352
1.3774	0.1356
1.2984	-0.1755
1.0077	-0.2800
-0.4993	-0.0352
1.0281	0.1560
1.0408	-0.1296
0.1126	0.2222
-0.0658	-0.0913
-0.0760	-0.3794
0.8062	0.0667
0.9975	-0.0684
0.2733	0.1534
0.1330	-0.1857
0.2860	0.0744
0.1611	-0.3055
0.7807	0.0514
0.9465	-0.0684
0.2682	0.1687
0.1101	-0.1729
-0.4203	-0.1780
1.4667	0.1356
1.4182	-0.0200
1.4055	-0.1653
1.3366	-0.3463
-0.1041	0.2375
-0.2469	-0.0990
-0.3081	-0.2953
1.2448	0.1738
1.1836	-0.1729
0.4569	0.0259
-0.2596	-0.4202
0.5487	0.1764
0.2503	-0.3896
-0.3591	0.3650
1.4896	-0.3743
-0.4789	-0.0607
1.3443	0.2146
1.2627	-0.0913
1.1301	-0.3080
-0.4381	0.1126
1.5534	-0.1627
0.3370	0.0616
0.1687	-0.3590
0.2554	0.2707
0.0387	-0.0709
0.0260	-0.3641
0.7042	0.0897
1.4131	0.1101
1.3315	-0.1245
1.2729	-0.3437
-0.2188	0.2426
-0.2877	-0.0149
-0.3591	-0.2035
1.4412	-0.3769
-0.4152	0.1101
0.7297	-0.2137
-0.3463	0.2962
0.6150	-0.1423
0.3345	0.1942
0.1534	-0.1908
0.3243	0.0489
0.1534	-0.3743
0.2121	0.2860
0.0056	-0.0276
0.0081	-0.3055
1.1785	0.1050
1.0867	-0.2137
-0.1143	0.2707
-0.2571	-0.0480
-0.2698	-0.3004
1.2958	0.1789
1.2372	-0.1551
0.7884	-0.1602
-0.2061	0.3293
-0.1806	0.1024
-0.2265	-0.2341
0.0770	0.1483
-0.0505	-0.1347
