0.2478	0.3395
-0.0123	-0.0021
0.0107	-0.2876
1.5049	-0.0735
1.2805	-0.3692
-0.4840	0.0183
1.4463	0.1611
1.4131	-0.0531
1.3749	-0.2723
0.4263	0.0412
0.0693	-0.4788
-0.4432	0.3446
1.3621	0.2324
1.3213	-0.0633
1.2321	-0.3182
-0.3667	0.1916
0.1891	0.0922
0.0922	-0.2341
0.5589	-0.0811
1.0332	-0.0378
0.4416	0.0897
0.2044	-0.4100
-0.3820	0.3650
1.5381	-0.2316
-0.2571	0.2120
-0.3361	-0.0888
-0.3871	-0.0200
-0.2112	0.1636
-0.2749	-0.2239
-0.1755	0.1967
-0.2673	-0.1933
-0.4152	-0.0021
-0.1831	0.1840
-0.2622	-0.2061
-0.3769	0.0769
-0.3871	-0.0098
-0.3871	0.0183
-0.3871	0.0208
-0.3922	0.0106
-0.3948	0.0208
-0.3948	-0.0200
-0.3438	0.1024
-0.3846	-0.1755
0.5334	-0.0760
1.1530	0.0030
0.8139	-0.1347
-0.0888	0.3370
-0.2775	-0.0225
-0.2647	-0.3463
1.2066	0.1203
1.1046	-0.2112
-0.2316	0.2783
-0.3132	-0.0200
-0.3591	-0.2545
1.4922	0.0489
1.4488	-0.1704
1.1607	-0.3361
-0.5172	-0.1780
0.8266	0.1330
1.3137	0.0591
1.2397	-0.2570
-0.0123	0.2401
-0.1831	-0.1041
-0.1933	-0.3947
0.8955	0.0616
0.8725	-0.0837
0.1483	0.2554
-0.0709	-0.0607
-0.0276	-0.3692
0.9159	0.0387
0.7654	-0.0378
0.5869	0.0667
-0.4177	-0.0505
1.1989	-0.4202
-0.4203	-0.4737
-0.3157	0.4568
1.5508	-0.1959
-0.2596	0.2171
-0.3412	-0.0913
-0.3897	-0.0123
-0.2647	0.1432
-0.3132	-0.2239
0.3778	0.0259
0.1432	-0.4585
-0.4713	0.3268
1.3443	0.2324
1.3035	-0.0735
1.1734	-0.3055
-0.4636	0.0820
1.5483	0.0106
1.2678	-0.3769
-0.5095	-0.1551
0.9745	0.1279
1.0230	-0.1066
0.0413	0.2656
-0.1627	-0.0760
-0.1296	-0.3871
0.9286	0.0489
0.8037	-0.0531
0.4008	0.1534
0.2299	-0.2953
0.7756	0.0463
0.9847	-0.0760
0.2121	0.2018
0.0209	-0.1245
-0.0174	-0.4279
0.2886	0.2758
0.0566	-0.0658
0.0744	-0.3692
0.6073	0.1203
-0.0352	-0.5145
-0.4891	0.3268
1.1403	0.2069
1.1683	-0.1194
0.4441	0.0616
0.1305	-0.4610
-0.4713	0.3191
1.2856	0.2350
1.2499	-0.1015
0.8853	-0.1984
-0.4407	0.1891
1.5483	-0.0990
0.5971	-0.0684
0.9159	-0.0403
0.3676	0.1356
0.2070	-0.2800
0.8955	0.0055
0.6328	0.0208
1.2882	0.0769
1.2091	-0.2570
-0.1347	0.2656
-0.2800	-0.0964
-0.3693	-0.2469
1.4565	0.1483
1.3902	-0.0709
1.3494	-0.2953
0.0795	0.2146
-0.0939	-0.1194
-0.1168	-0.4151
0.6711	0.1126
-0.3999	0.0234
0.1942	0.0922
0.1024	-0.2239
0.5946	-0.0837
0.8649	-0.0327
0.4569	0.1024
0.2121	-0.4151
-0.3820	0.3676
1.5483	-0.1831
-0.0888	0.2248
-0.2239	-0.1423
-0.3285	-0.3412
1.1046	0.1101
0.9643	-0.1551
-0.2418	0.3038
-0.2571	0.0795
-0.2724	-0.2723
1.4998	-0.2596
0.0260	0.2069
-0.1372	-0.1143
-0.1321	-0.4126
0.7450	0.0897
1.3264	0.0718
1.2703	-0.2392
0.1713	0.1815
0.0081	-0.1321
-0.0760	-0.4432
0.3141	0.2579
0.0897	-0.0939
0.0591	-0.4202
0.1789	0.3268
-0.0709	0.0004
-0.0454	-0.3131
1.4106	0.1126
1.3545	-0.1321
1.1530	-0.3284
-0.5070	-0.0403
1.1683	0.1764
1.1148	-0.1729
0.0132	0.2554
-0.1806	-0.0990
-0.1653	-0.3845
0.9082	0.0540
0.8547	-0.0735
0.2121	0.2171
0.0183	-0.0913
0.0183	-0.3998
0.4798	0.1815
0.2911	-0.3004
0.3600	0.2248
0.1687	-0.1525
-0.3999	-0.2723
1.1275	0.1254
1.0179	-0.1729
-0.2367	0.2936
-0.2851	0.0438
-0.3004	-0.2647
1.5049	0.0310
1.4514	-0.2137
0.9975	-0.2978
-0.5274	-0.1959
0.6379	0.1840
0.2350	-0.4585
-0.6013	-0.1398
0.0387	0.4389
-0.0046	0.1024
-0.0582	-0.2010
-0.3489	-0.3616
0.9592	0.0820
0.8955	-0.0964
0.0260	0.2834
-0.1857	-0.0633
-0.1423	-0.3820
1.0255	0.0591
0.7858	-0.0684
0.3421	0.1840
0.1713	-0.1933
0.8751	-0.2519
-0.5452	-0.0480
0.9031	0.1381
1.1556	-0.0403
0.6838	-0.0709
0.5920	0.0540
-0.1602	0.1840
-0.2469	-0.1857
-0.3795	0.0157
-0.2571	0.1432
-0.3081	-0.2214
0.6583	-0.1423
0.2758	0.2120
0.0821	-0.1219
-0.0097	-0.4508
0.0642	0.3727
-0.1627	0.0387
-0.1372	-0.2978
1.4973	-0.1908
0.5716	-0.0505
1.0714	-0.0302
0.5640	0.0208
1.1479	-0.3871
-0.4585	-0.4151
-0.0633	0.4517
0.0591	0.1152
-0.0301	-0.1908
-0.2520	-0.4202
0.6405	0.1407
-0.0148	-0.5171
-0.5401	0.2554
0.9465	0.1815
1.2244	-0.0098
0.9720	-0.2265
-0.4662	0.1381
1.4947	0.1330
1.4692	-0.1015
1.4208	-0.2800
0.5385	-0.0302
1.3519	0.1024
1.2984	-0.2163
0.5512	-0.0327
1.2805	0.0795
1.1938	-0.2647
-0.1398	0.2579
-0.2775	-0.0990
-0.3693	-0.2341
1.4743	0.1203
1.4208	-0.0607
1.3927	-0.2647
0.6303	-0.0939
0.6660	0.0285
1.2244	0.0463
1.0510	-0.2392
-0.4330	0.1432
1.5585	-0.1908
0.0999	0.1764
-0.0429	-0.1423
-0.1219	-0.4228
0.5410	0.1713
0.2886	-0.3820
-0.3948	0.3446
1.5508	-0.2265
-0.2647	0.2120
-0.3336	-0.0735
-0.3871	-0.0454
-0.0709	0.1738
-0.1755	-0.1729
-0.3081	-0.3769
0.9567	0.0744
0.8776	-0.0913
0.0922	0.2732
-0.1321	-0.0582
-0.0913	-0.3769
0.9898	0.0438
0.7348	-0.0607
0.5691	0.0769
-0.3055	-0.3973
0.6175	0.1509
0.1279	-0.4890
-0.6090	-0.0429
0.2656	0.3599
0.0183	0.0106
0.0209	-0.2902
1.4820	0.0591
1.4284	-0.1194
1.3596	-0.3157
-0.0199	0.2324
-0.1780	-0.1168
-0.2163	-0.3896
0.9057	0.0693
0.8827	-0.0913
0.1279	0.2656
-0.0990	-0.0709
-0.0531	-0.3769
0.9159	0.0310
0.7476	-0.0505
0.5971	0.0438
0.3345	0.0387
0.1815	-0.3845
-0.0097	0.3803
-0.1908	0.0489
-0.1704	-0.2978
1.5100	-0.0200
1.4386	-0.2774
0.3982	0.0438
0.1407	-0.4483
-0.3667	0.3778
1.5381	-0.2519
-0.3259	0.1789
-0.3004	0.0718
-0.3234	-0.2265
1.3570	-0.4100
-0.5044	-0.1933
0.9388	0.1279
1.0408	-0.1015
0.1432	0.2222
-0.0352	-0.0913
-0.0250	-0.3973
0.6481	0.1126
-0.3922	-0.3157
0.9414	0.0922
0.9516	-0.0964
0.0056	0.2936
-0.1933	-0.0607
-0.1755	-0.3794
1.0051	0.0591
0.7960	-0.0709
0.2911	0.2095
0.0948	-0.1449
-0.1780	-0.4686
0.3064	0.2834
0.0668	-0.0607
0.0719	-0.3718
0.6099	0.1101
-0.1219	-0.5094
-0.2647	0.4338
0.8598	-0.2927
-0.5452	-0.2341
0.3906	0.2834
0.1687	-0.1117
-0.0607	-0.4788
-0.0709	0.4109
-0.1423	0.1126
-0.1780	-0.2545
-0.1423	0.1942
-0.2469	-0.1908
-0.3999	-0.2469
1.3723	0.1636
1.3111	-0.1296
1.0408	-0.2672
-0.5197	-0.0505
1.0255	0.1483
1.0357	-0.1296
0.0005	0.2732
-0.1959	-0.0760
-0.1780	-0.3794
0.9720	0.0591
0.7960	-0.0709
0.3268	0.1713
0.1738	-0.1959
1.0714	-0.3667
-0.4713	-0.3845
-0.0276	0.4389
-0.0225	0.1075
-0.0913	-0.2035
-0.3361	-0.3794
0.9082	0.0871
0.9363	-0.0939
0.0591	0.2834
-0.1525	-0.0556
-0.1143	-0.3769
0.9822	0.0438
0.7603	-0.0607
0.4696	0.1050
0.2172	-0.4151
-0.3973	0.3574
1.5585	0.0208
1.0255	-0.3157
-0.5223	-0.2825
0.4008	0.2732
0.1789	-0.1245
-0.1882	-0.4610
0.2503	0.3013
0.0056	-0.0276
0.0413	-0.3157
1.1326	0.0616
0.9159	-0.1627
-0.2775	0.3064
-0.1321	0.1509
-0.2061	-0.2239
-0.3795	0.0514
-0.3336	0.0744
-0.3667	-0.1653
0.7170	-0.1729
-0.1602	0.3472
-0.2724	0.0438
-0.2571	-0.3004
1.4335	0.1203
1.3749	-0.1015
1.3009	-0.3208
-0.2596	0.2426
-0.3259	-0.0352
-0.3846	-0.1806
1.2831	-0.4202
-0.4738	-0.3718
0.2937	0.3268
0.0413	-0.0149
0.0642	-0.3131
1.1122	0.0540
0.8547	-0.1219
-0.0913	0.3217
-0.2596	-0.0225
-0.2469	-0.3335
1.2117	0.1305
1.1148	-0.2086
-0.1780	0.2809
-0.3004	-0.0505
-0.3667	-0.2570
1.4590	0.1203
1.4055	-0.0837
1.3596	-0.2927
0.2070	0.1432
0.0719	-0.1729
-0.3081	-0.3794
0.7935	0.0897
1.1964	-0.0047
0.8980	-0.1933
-0.3871	0.2426
0.8878	-0.3055
-0.5274	-0.2953
0.2095	0.3650
-0.0327	0.0259
-0.0276	-0.2749
1.3035	-0.4024
-0.4891	-0.2570
0.6915	0.1662
-0.1653	-0.5018
-0.1831	0.4364
0.2580	0.0463
0.1840	-0.3182
0.7527	0.0540
1.1479	-0.0225
0.7450	-0.1041
0.2452	0.2222
0.0540	-0.1143
-0.0097	-0.4381
0.2146	0.3089
-0.0403	-0.0251
0.0005	-0.3157
1.2499	0.1126
1.1530	-0.2290
-0.1755	0.2758
-0.3004	-0.0607
-0.3616	-0.2443
1.4794	0.1024
1.4259	-0.1015
1.3978	-0.2800
0.3268	0.0897
0.1891	-0.3208
0.6481	0.0922
-0.1755	0.1942
-0.2749	-0.1908
-0.3642	0.0616
-0.3769	-0.0225
-0.3489	0.0616
-0.3948	-0.0939
-0.0505	0.1916
-0.1831	-0.1704
-0.2469	-0.4075
0.8343	0.0769
1.0612	-0.0735
0.3370	0.1254
0.2044	-0.2570
1.0536	0.0106
0.6762	-0.0403
0.8368	-0.0327
0.4875	0.0948
0.1585	-0.4457
-0.5070	0.2656
1.1122	0.1967
1.1326	-0.1245
0.3192	0.1356
0.1687	-0.2519
1.1811	0.0667
1.0179	-0.2061
-0.3846	0.2171
0.6736	-0.1806
-0.0505	0.3344
-0.2341	-0.0123
-0.2137	-0.3412
1.2040	0.1152
1.1148	-0.2137
-0.2061	0.2758
-0.3081	-0.0327
-0.3489	-0.2443
1.4998	0.0540
1.4616	-0.1602
1.2856	-0.3692
-0.4585	0.0540
1.5508	-0.1219
0.5691	-0.0709
1.0128	-0.0429
0.4161	0.1101
0.2274	-0.3565
0.0719	0.3446
-0.1551	0.0132
-0.1219	-0.3310
1.3468	0.1432
1.2831	-0.1831
0.7195	-0.1117
0.2248	0.2452
0.0081	-0.0888
0.0132	-0.3947
0.5818	0.1356
0.1636	-0.4712
-0.5988	0.0183
0.4492	0.2860
0.2350	-0.1449
-0.2137	0.1916
-0.2928	-0.1831
-0.2902	0.1407
-0.3412	-0.1908
0.3166	0.0514
0.2121	-0.3437
0.3345	0.2375
0.1203	-0.1296
-0.0505	-0.4686
-0.0378	0.3982
-0.1806	0.0871
-0.1806	-0.2749
0.4900	-0.0302
0.6915	-0.1474
0.1152	0.2860
-0.1194	-0.0352
-0.0684	-0.3565
1.1301	0.0667
0.9363	-0.1678
-0.2953	0.2936
-0.1372	0.1432
-0.1933	-0.2214
-0.4203	-0.0454
0.3421	0.0336
0.1891	-0.4049
-0.1449	0.3956
-0.1372	0.1305
-0.1806	-0.2290
-0.4228	-0.0149
0.0056	0.1815
-0.1398	-0.1525
-0.1398	-0.4355
0.6507	0.1330
-0.1653	-0.5043
-0.1780	0.4364
0.1305	0.0948
0.0489	-0.1857
-0.3004	-0.4304
0.6583	0.1305
-0.1729	-0.5043
-0.1653	0.4389
0.1203	0.1177
0.0158	-0.1780
-0.1984	-0.4686
0.3778	0.2605
0.1534	-0.1219
-0.0607	-0.4788
-0.0811	0.4185
-0.1500	0.1228
-0.1882	-0.2494
-0.3387	0.1279
-0.3897	-0.1398
-0.0709	0.1967
-0.1959	-0.1551
-0.2239	-0.4228
0.7960	0.0846
1.1683	-0.0174
0.8062	-0.1296
-0.0811	0.3217
-0.2622	-0.0200
-0.2392	-0.3463
1.1938	0.1228
1.0918	-0.2035
-0.2341	0.2860
-0.3081	0.0081
-0.3489	-0.2570
1.5024	0.0463
1.4565	-0.1984
0.9771	-0.2774
-0.5427	-0.1525
0.7578	0.1458
0.0872	0.1687
-0.0607	-0.1423
-0.1015	-0.4406
0.5002	0.1916
0.2911	-0.3157
0.2427	0.2681
0.0158	-0.0556
0.0515	-0.3539
0.8649	0.0310
0.8164	-0.0607
0.3880	0.1432
0.2299	-0.2774
0.7986	0.0387
0.9363	-0.0658
0.1815	0.2197
-0.0123	-0.0939
0.0107	-0.3896
0.6099	0.1152
-0.0480	-0.5222
-0.4764	0.3395
1.2142	0.2222
1.2091	-0.1117
0.6864	-0.0913
0.4288	0.1330
0.2554	-0.3259
0.2503	0.2630
0.0311	-0.0556
0.0489	-0.3565
0.7527	0.0591
1.1505	-0.0200
0.7603	-0.1168
0.1177	0.2834
-0.1143	-0.0505
-0.0658	-0.3616
1.0332	0.0489
0.7629	-0.0786
0.3855	0.1509
0.2223	-0.2672
0.9516	0.0055
0.5793	0.0310
0.9286	-0.2876
-0.5350	-0.2418
0.4390	0.2656
0.2172	-0.1653
0.3523	0.0514
0.2019	-0.3871
-0.0786	0.3982
-0.1933	0.0871
-0.1933	-0.2800
1.0485	-0.3590
-0.4789	-0.3947
-0.0276	0.4517
-0.0097	0.1203
-0.0888	-0.1933
-0.2571	-0.4151
0.7017	0.1126
0.1534	0.1509
0.0056	-0.1653
-0.1143	-0.4661
0.2835	0.2911
0.0413	-0.0505
0.0719	-0.3412
0.8955	0.0285
0.7348	-0.0403
0.6991	0.0004
1.0179	-0.0556
0.3243	0.1483
0.1687	-0.2341
1.3978	0.1126
1.3366	-0.1525
1.0740	-0.2978
-0.5121	-0.1092
0.9261	0.1305
1.0867	-0.0888
0.3243	0.1458
0.1738	-0.2469
1.2448	0.0897
1.1403	-0.2392
-0.2443	0.2656
-0.2953	0.0310
-0.3285	-0.2469
1.5202	-0.0607
1.2780	-0.3820
-0.4815	-0.0480
1.2219	0.1865
1.1709	-0.1755
0.2605	0.1560
0.1101	-0.1908
-0.3795	0.0616
-0.2673	0.1152
-0.3106	-0.2316
0.8547	-0.2621
-0.5478	-0.0352
0.9210	0.1509
1.1275	-0.0709
0.5436	0.0106
1.1811	-0.3871
-0.4509	-0.4049
-0.0480	0.4389
0.0107	0.1126
-0.0684	-0.1984
-0.3030	-0.4024
0.8139	0.0948
1.1530	-0.0302
0.7323	-0.0964
0.2733	0.2018
0.0897	-0.1321
-0.0837	-0.4610
0.1432	0.3523
-0.1041	0.0208
-0.0760	-0.3004
1.5075	-0.0811
1.2576	-0.3641
-0.4993	-0.0735
1.1632	0.1738
1.1097	-0.1704
-0.0225	0.2656
-0.1984	-0.0837
-0.2035	-0.3718
0.9771	0.0540
0.8062	-0.0760
0.2554	0.2120
0.0591	-0.1321
-0.0250	-0.4432
0.1534	0.3268
-0.0862	0.0106
-0.0633	-0.3055
1.4743	0.0616
1.4361	-0.1117
1.3570	-0.3157
-0.0174	0.2324
-0.1806	-0.1219
-0.2035	-0.3871
0.8955	0.0642
0.8904	-0.0837
0.1177	0.2656
-0.1015	-0.0709
-0.0505	-0.3769
0.9363	0.0387
0.7425	-0.0429
0.6532	0.0310
1.2958	0.0744
1.2295	-0.2519
-0.0097	0.2350
-0.1857	-0.1143
-0.2061	-0.3794
0.9235	0.0616
0.8470	-0.0786
0.1942	0.2350
-0.0097	-0.0811
0.0005	-0.3973
0.6583	0.1024
-0.3922	0.0412
0.0566	0.1432
-0.0607	-0.1627
-0.1347	-0.4406
0.4926	0.1967
0.2835	-0.3055
0.4314	0.1865
0.2503	-0.2647
0.8776	0.0157
0.6762	-0.0021
1.0459	-0.0480
0.4084	0.0897
0.2121	-0.3845
-0.1449	0.3956
-0.1143	0.1279
-0.1704	-0.2316
-0.4101	-0.0429
0.4900	-0.0505
1.5075	-0.1780
0.9031	-0.2443
-0.5325	-0.0200
0.9924	0.1407
1.0587	-0.1117
0.1279	0.2273
-0.0607	-0.0888
-0.0403	-0.3871
0.7476	0.0795
1.2474	0.0387
1.1020	-0.2570
-0.3922	0.1840
0.7909	-0.2469
-0.5197	0.0795
1.1122	0.1815
1.0995	-0.1551
0.0744	0.2324
-0.1092	-0.0939
-0.0913	-0.3947
0.8062	0.0591
1.0281	-0.0735
0.2554	0.1840
0.0897	-0.1602
-0.2469	-0.4202
0.5844	0.1611
0.2376	-0.4406
-0.5911	0.0310
0.5640	0.2426
0.3345	-0.3080
0.0948	0.3268
-0.1398	-0.0021
-0.0964	-0.3284
1.2933	0.1254
1.2295	-0.2137
0.2988	0.1228
0.1611	-0.2392
1.3060	0.1203
1.2372	-0.2188
0.1636	0.1942
-0.0072	-0.1296
-0.0633	-0.4355
0.3931	0.2401
0.1815	-0.1704
-0.3999	0.0361
-0.0633	0.1815
-0.1653	-0.1704
-0.2749	-0.3794
0.9082	0.0795
0.9363	-0.0913
0.0744	0.2707
-0.1347	-0.0607
-0.0939	-0.3718
0.9898	0.0463
0.7476	-0.0582
0.5487	0.0795
-0.0811	-0.4992
-0.3132	0.4134
1.2346	-0.4483
-0.3438	-0.5375
-0.5937	0.1764
0.4696	0.2936
0.2427	-0.1627
0.8547	-0.2392
-0.5223	0.0514
1.1020	0.1662
1.0867	-0.1474
0.0515	0.2579
-0.1423	-0.0786
-0.1245	-0.3871
0.8955	0.0514
0.8445	-0.0709
0.2427	0.2120
0.0464	-0.1168
-0.0225	-0.4457
0.2172	0.3064
-0.0301	-0.0200
0.0107	-0.3131
1.2295	0.0948
1.1250	-0.2265
-0.2469	0.2707
-0.2953	0.0208
-0.3463	-0.2570
1.5177	-0.0251
1.3749	-0.3463
-0.2877	0.2197
-0.3285	-0.0098
-0.3769	-0.1780
1.2856	-0.4177
-0.4636	-0.3539
0.3396	0.2962
0.1075	-0.0709
0.0821	-0.3896
0.3243	0.2528
0.1050	-0.1066
0.0260	-0.4432
-0.0072	0.3880
-0.1780	0.0667
-0.1806	-0.2953
1.2984	-0.4100
-0.5070	-0.2698
0.7042	0.1636
-0.1933	-0.4865
-0.0480	0.4211
-0.1347	0.1050
-0.1627	-0.2469
-0.3693	0.0871
-0.3871	-0.0403
-0.3667	0.0565
-0.3973	-0.0888
-0.0964	0.1840
-0.2035	-0.1704
-0.2928	-0.3871
0.9286	0.0667
0.8878	-0.1015
0.0821	0.2732
-0.1347	-0.0505
-0.0837	-0.3590
1.0510	0.0463
0.8062	-0.0837
0.1917	0.2426
-0.0301	-0.0735
0.0107	-0.3692
0.8241	0.0412
0.9235	-0.0760
0.1585	0.2375
-0.0556	-0.0837
-0.0021	-0.3692
0.8368	0.0540
0.9286	-0.0760
0.1534	0.2401
-0.0556	-0.0760
-0.0225	-0.3769
0.8470	0.0463
0.9006	-0.0735
0.1840	0.2426
-0.0352	-0.0888
0.0081	-0.3820
0.7348	0.0667
1.2448	0.0310
1.0842	-0.2545
-0.4203	0.1713
1.1734	-0.4304
-0.3820	-0.5043
-0.5019	0.3650
0.9924	0.1916
1.2066	-0.0327
0.8827	-0.1933
-0.3948	0.2503
1.0434	-0.3743
-0.4203	-0.4992
-0.5197	0.3446
0.8547	0.1967
1.3545	-0.4049
-0.4968	-0.1219
1.1122	0.1585
1.0612	-0.1551
-0.1143	0.2860
-0.2647	-0.0633
-0.3081	-0.3004
1.2550	0.1534
1.1709	-0.1984
0.0438	0.2375
-0.1423	-0.0913
-0.1245	-0.3896
0.8496	0.0616
0.9439	-0.0837
0.1228	0.2503
-0.0913	-0.0709
-0.0454	-0.3769
0.8776	0.0463
0.8317	-0.0658
0.3064	0.1916
0.1330	-0.1653
-0.4177	-0.2367
1.2652	0.1738
1.2117	-0.1831
0.2911	0.1228
0.1611	-0.2341
1.3060	0.1126
1.2346	-0.2341
0.2121	0.1611
0.0642	-0.1653
-0.2545	-0.4177
0.6124	0.1509
0.1305	-0.4890
-0.6039	-0.0123
0.3651	0.3344
0.1177	-0.0556
0.0922	-0.3871
0.3982	0.2044
0.2121	-0.2112
1.4590	0.0744
1.3953	-0.1194
1.3366	-0.3284
-0.1092	0.2503
-0.2545	-0.1219
-0.3591	-0.2825
1.3137	0.1687
1.2474	-0.1729
0.5002	0.0081
-0.2137	0.1789
-0.2953	-0.1908
-0.1755	0.1840
-0.2647	-0.2061
-0.3285	0.1101
-0.3616	-0.1270
0.0515	0.1611
-0.0735	-0.1423
-0.0837	-0.4279
0.5155	0.1687
0.2860	-0.3616
-0.2086	0.3905
-0.0429	0.1432
-0.1296	-0.1831
-0.2647	-0.4202
0.7680	0.0999
1.3162	0.0693
1.2448	-0.2545
0.0872	0.2095
-0.0888	-0.1041
-0.0709	-0.4075
0.7119	0.0820
1.4973	-0.0505
