-0.3769	-0.2137
1.5253	-0.1117
0.9184	-0.2494
-0.5427	-0.0760
0.8827	0.1483
1.1938	-0.0123
0.9261	-0.2061
-0.4305	0.1967
1.4845	-0.3667
-0.4764	-0.0378
1.4208	0.1840
1.3570	-0.0607
1.3162	-0.3157
-0.0582	0.2426
-0.2061	-0.1143
-0.2775	-0.3463
1.0510	0.0846
0.8853	-0.1245
-0.0990	0.3166
-0.2622	-0.0327
-0.2647	-0.3361
1.2193	0.1279
1.1403	-0.2035
-0.1296	0.2834
-0.2749	-0.0811
-0.3412	-0.2927
1.3060	0.1662
1.2346	-0.1831
0.5104	0.0055
0.2223	0.1024
0.1101	-0.2367
1.3876	-0.3947
-0.4636	0.0208
1.5228	0.0310
1.4131	-0.3335
-0.0709	0.2426
-0.2265	-0.1296
-0.3183	-0.3361
1.1122	0.1075
0.9898	-0.1627
-0.2571	0.2936
-0.2341	0.0999
-0.2494	-0.2596
1.2117	-0.3998
-0.4636	-0.4100
0.0489	0.4185
-0.0862	0.0973
-0.1219	-0.2469
-0.3642	0.0871
-0.3693	-0.0072
-0.3769	-0.0072
-0.3540	0.0693
-0.3897	-0.1423
0.2758	0.0693
0.1840	-0.2876
0.9567	0.0132
0.6099	0.0106
1.3953	0.0999
1.3341	-0.1755
0.9439	-0.2519
-0.5223	-0.0174
1.0459	0.1585
1.0485	-0.1321
0.0107	0.2656
-0.1780	-0.0786
-0.1653	-0.3794
0.9465	0.0489
0.7884	-0.0709
0.3472	0.1687
0.1840	-0.2239
1.3774	0.1203
1.3213	-0.1653
0.9771	-0.2519
-0.5223	-0.0429
0.9924	0.1534
1.0408	-0.1168
0.0744	0.2554
-0.1245	-0.0837
-0.1015	-0.3896
0.8623	0.0489
0.8776	-0.0760
0.1687	0.2375
-0.0403	-0.0888
-0.0148	-0.3896
0.7399	0.0820
1.2933	0.0667
1.2270	-0.2570
-0.0403	0.2579
-0.2061	-0.1092
-0.2545	-0.3667
1.0128	0.0718
0.8445	-0.1066
0.0693	0.2809
-0.1449	-0.0480
-0.1015	-0.3616
1.0077	0.0463
0.7680	-0.0607
0.4033	0.1534
0.2376	-0.2902
0.7221	0.0591
1.1989	0.0132
0.9924	-0.2265
-0.4330	0.1585
1.5457	-0.1908
0.1050	0.1764
-0.0454	-0.1372
-0.1092	-0.4228
0.5002	0.1840
0.2962	-0.3284
0.0872	0.3319
-0.1474	0.0030
-0.1041	-0.3182
1.3264	0.1381
1.2627	-0.1933
0.5487	-0.0200
1.3876	0.1024
1.3264	-0.1780
0.9847	-0.2698
-0.5197	-0.0837
0.9235	0.1356
1.0867	-0.0837
0.3727	0.1126
0.2172	-0.3157
0.4951	0.1534
0.2682	-0.3667
-0.2061	0.3931
0.0744	0.1177
-0.0225	-0.1831
-0.2494	-0.4126
0.6660	0.1254
-0.4075	-0.2902
1.0179	0.1050
0.9286	-0.1296
-0.0913	0.3115
-0.2545	-0.0480
-0.2596	-0.3335
1.2040	0.1330
1.1071	-0.1984
-0.2061	0.2783
-0.3055	-0.0200
-0.3361	-0.2443
1.5024	0.0744
1.4539	-0.1296
1.4004	-0.3106
0.1432	0.1764
-0.0072	-0.1321
-0.0990	-0.4381
0.4161	0.2120
0.2299	-0.2035
1.3723	0.1203
1.3060	-0.1857
0.7986	-0.1627
-0.2775	0.3166
-0.0021	0.1381
-0.0990	-0.1857
-0.2724	-0.3947
0.8088	0.0897
1.1224	-0.0378
0.6150	-0.0251
1.0765	-0.0302
0.5793	-0.0021
1.3443	0.1075
1.2907	-0.2137
0.5232	-0.0021
1.4157	-0.3947
-0.4560	0.0081
1.5177	0.1024
1.4871	-0.1270
1.4335	-0.2953
0.5104	-0.0200
1.5381	-0.1245
1.2601	-0.3973
-0.4815	-0.1245
1.0255	0.1356
0.9924	-0.1321
-0.0913	0.2834
-0.2367	-0.0607
-0.2775	-0.3182
1.1836	0.1254
1.0740	-0.2086
-0.2392	0.2681
-0.2775	0.0361
-0.3030	-0.2570
1.5279	-0.0021
1.4539	-0.2851
0.4620	0.0106
-0.2953	-0.4049
0.6175	0.1483
0.0922	-0.4992
-0.5937	0.0693
0.5512	0.2503
0.3243	-0.2953
0.3115	0.2350
0.1177	-0.1143
-0.0709	-0.4636
0.0872	0.3727
-0.1270	0.0412
-0.1143	-0.2953
1.5228	-0.1525
0.8649	-0.2367
-0.5197	0.0565
1.1479	0.1916
1.1224	-0.1474
0.0922	0.2248
-0.0862	-0.0990
-0.0709	-0.3896
0.7476	0.0795
1.2117	0.0132
1.0230	-0.2239
-0.4432	0.1483
1.5610	-0.1347
0.3906	0.0310
0.1075	-0.4508
-0.3693	0.3778
1.5534	-0.2239
-0.2418	0.2120
-0.3132	-0.0888
-0.3795	-0.0276
-0.1933	0.1636
-0.2647	-0.2188
-0.2035	0.1840
-0.2775	-0.1959
-0.2775	0.1534
-0.3361	-0.1882
0.2095	0.0948
0.1126	-0.2137
0.2631	0.0897
0.1611	-0.2570
1.2168	0.0795
1.0944	-0.2265
-0.3132	0.2579
-0.1576	0.1432
-0.2214	-0.2239
-0.3361	0.1126
-0.3693	-0.1015
-0.1194	0.1916
-0.2188	-0.1780
-0.3591	-0.3004
1.1632	0.1228
1.0714	-0.1959
-0.1959	0.2911
-0.2979	-0.0251
-0.3438	-0.2647
1.4514	0.1203
1.3902	-0.0888
1.3596	-0.2927
0.1840	0.1636
0.0336	-0.1525
-0.1474	-0.4508
0.3600	0.2579
0.1458	-0.1245
-0.1041	-0.4814
0.0362	0.3956
-0.1576	0.0616
-0.1576	-0.2927
1.0995	-0.3692
-0.4789	-0.3973
-0.0021	0.4415
-0.0480	0.1203
-0.1143	-0.2112
-0.3489	-0.3488
0.9822	0.0769
0.8955	-0.0964
0.0056	0.2962
-0.1959	-0.0403
-0.1576	-0.3616
1.0587	0.0642
0.8496	-0.1245
-0.0607	0.3166
-0.2392	-0.0327
-0.2265	-0.3514
1.1428	0.0999
1.0153	-0.1908
-0.2877	0.2758
-0.1831	0.1381
-0.2316	-0.2367
0.0285	0.1662
-0.1015	-0.1347
-0.1092	-0.4279
0.6048	0.1356
0.0795	-0.5043
-0.6039	0.0693
0.5410	0.2452
0.3319	-0.2698
0.4620	0.1611
0.2656	-0.3259
0.2962	0.2452
0.0795	-0.0939
0.0515	-0.4151
0.2223	0.3064
-0.0301	-0.0098
-0.0021	-0.3055
1.3009	0.1203
1.2448	-0.2137
0.3396	0.0948
0.2121	-0.3157
0.6099	0.1075
-0.1449	-0.4890
-0.1525	0.4262
0.0617	0.1101
-0.0327	-0.1831
-0.1908	-0.4483
0.4696	0.2095
0.2784	-0.2570
0.8215	0.0132
0.8164	-0.0403
0.4671	0.1177
0.2248	-0.3973
-0.3081	0.3880
0.9235	-0.3106
-0.5070	-0.3463
-0.0148	0.4466
-0.0174	0.1126
-0.0786	-0.1933
-0.2928	-0.3998
0.7756	0.0948
1.2423	0.0310
1.0918	-0.2519
-0.4177	0.1764
1.0510	-0.3769
-0.4305	-0.4916
-0.4738	0.3956
1.0408	0.2069
1.1811	-0.0531
0.7450	-0.1143
0.1407	0.2656
-0.0735	-0.0607
-0.0378	-0.3641
0.9822	0.0387
0.7272	-0.0403
0.6966	0.0106
1.0332	-0.0505
0.3880	0.1126
0.2248	-0.3208
0.4263	0.1942
0.2401	-0.2596
0.9465	0.0081
0.5691	0.0336
0.5155	-0.0607
1.2219	0.0591
1.0918	-0.2469
-0.3769	0.2018
0.5461	-0.0888
0.9541	-0.0327
0.3651	0.1432
0.2197	-0.2749
0.8470	0.0208
0.7578	-0.0352
0.6609	0.0310
1.2193	0.0387
1.0587	-0.2443
-0.4177	0.1662
1.3672	-0.4457
-0.4407	-0.3743
0.2733	0.3242
0.0387	-0.0302
0.0515	-0.3208
1.0077	0.0336
0.6991	-0.0302
0.8062	-0.0200
0.5895	0.0463
0.8878	-0.2749
-0.5274	-0.1602
0.6175	0.1967
0.2656	-0.4228
-0.5835	0.0234
0.5640	0.2375
0.3268	-0.3157
0.0387	0.3472
-0.1729	0.0106
-0.1347	-0.3182
1.3239	0.1458
1.2678	-0.1857
0.6201	-0.0633
0.8674	-0.0327
0.4390	0.1126
0.2223	-0.3794
-0.1347	0.3931
-0.1117	0.1152
-0.1576	-0.2265
-0.3820	0.0336
-0.2469	0.1407
-0.2979	-0.2214
0.5002	-0.0429
1.4667	0.0489
1.4080	-0.1321
1.3494	-0.3182
-0.0888	0.2452
-0.2316	-0.1143
-0.3285	-0.3259
1.1709	0.1279
1.0587	-0.1908
-0.2341	0.2860
-0.2775	0.0438
-0.3055	-0.2698
1.5177	-0.0200
1.3978	-0.3361
-0.0939	0.2401
-0.2392	-0.1296
-0.3310	-0.3106
1.1938	0.1432
1.0944	-0.1933
-0.1831	0.2809
-0.2877	-0.0327
-0.3361	-0.2469
1.4616	0.1356
1.3978	-0.0709
1.3774	-0.2774
0.3753	0.0718
0.1815	-0.3973
-0.0633	0.3829
-0.1755	0.0769
-0.1755	-0.2749
1.2601	-0.4177
-0.4738	-0.3259
0.4135	0.2707
0.2019	-0.1474
-0.4305	-0.1576
1.4667	0.1279
1.4208	-0.0607
1.4080	-0.2519
0.7374	-0.1551
-0.1015	0.3319
-0.2443	0.0106
-0.2367	-0.3182
1.2958	0.1509
1.2423	-0.1908
0.4569	0.0463
-0.0531	-0.4916
-0.2647	0.4185
0.8470	-0.2851
-0.5452	-0.2035
0.4875	0.2554
0.2758	-0.2316
1.0306	-0.0021
0.6201	-0.0072
1.1760	0.0208
0.9465	-0.1959
-0.3999	0.2171
1.1224	-0.3998
-0.3795	-0.5094
-0.5401	0.2885
0.7323	0.2069
0.0183	-0.5094
-0.5733	0.1305
0.6430	0.2197
0.3013	-0.4151
-0.5860	-0.0327
0.4390	0.2783
0.2325	-0.1449
-0.1117	0.1993
-0.2214	-0.1627
-0.3693	-0.2596
1.2907	0.1611
1.2295	-0.1780
0.4620	0.0336
-0.1321	-0.4839
-0.0760	0.4211
-0.0837	0.1228
-0.1398	-0.2239
-0.4203	-0.1143
1.3290	-0.4228
-0.4815	-0.3029
0.5997	0.1916
0.2733	-0.4202
-0.5733	0.1203
0.8266	0.1713
1.4539	-0.3284
-0.1117	0.2375
-0.2469	-0.1245
-0.3514	-0.2876
1.2627	0.1611
1.1964	-0.1933
0.2223	0.1534
0.0872	-0.1627
-0.2902	-0.3896
0.7603	0.1101
1.3902	0.0922
1.3366	-0.1857
0.9184	-0.2341
-0.5095	0.0387
1.1326	0.1815
1.1097	-0.1551
0.0744	0.2401
-0.1245	-0.0964
-0.1143	-0.3947
0.8368	0.0693
0.9822	-0.0760
0.1636	0.2222
-0.0327	-0.0939
-0.0301	-0.4024
0.6354	0.1101
-0.3387	-0.3743
0.7399	0.1228
1.2882	-0.4126
-0.4789	-0.2519
0.6966	0.1687
-0.1602	-0.4992
-0.1321	0.4287
0.0591	0.1126
-0.0327	-0.1908
-0.2571	-0.4177
0.6736	0.1279
-0.3948	-0.3157
0.9465	0.0948
0.9516	-0.1015
0.0107	0.2834
-0.1857	-0.0607
-0.1678	-0.3769
1.0306	0.0693
0.8011	-0.0913
0.1917	0.2528
-0.0225	-0.0760
-0.0021	-0.3820
0.7527	0.0616
1.1530	-0.0098
0.7935	-0.1168
-0.0097	0.3115
-0.2137	-0.0378
-0.1831	-0.3539
1.1301	0.0973
0.9618	-0.1704
-0.2877	0.2885
-0.1653	0.1305
-0.2086	-0.2316
-0.2035	0.1738
-0.2749	-0.1959
-0.3132	0.1305
-0.3693	-0.1423
0.1075	0.1432
-0.0199	-0.1525
-0.0735	-0.4406
0.3294	0.2554
0.1152	-0.0964
0.0387	-0.4406
0.0464	0.3752
-0.1780	0.0412
-0.1525	-0.2953
1.4259	-0.3539
-0.4228	0.1203
0.5869	-0.1143
0.7297	0.0183
0.9694	-0.0684
0.2656	0.1789
0.1075	-0.1576
-0.2571	-0.4406
0.5589	0.1713
0.2860	-0.3973
-0.4789	0.2911
1.3239	0.2452
1.2754	-0.0786
1.0740	-0.2876
-0.5019	0.0030
1.2219	0.2018
1.1785	-0.1551
0.3447	0.1075
0.1917	-0.3029
0.7272	0.0565
1.1709	0.0081
0.8776	-0.1729
-0.3157	0.2911
0.2325	0.0693
0.1483	-0.2647
1.1403	0.0540
0.9108	-0.1729
-0.3004	0.2860
-0.0276	0.1407
-0.1219	-0.1857
-0.2851	-0.3896
0.8725	0.0795
0.9694	-0.0913
0.1152	0.2528
-0.0888	-0.0735
-0.0505	-0.3769
0.8725	0.0387
0.8368	-0.0709
0.2911	0.1891
0.1126	-0.1653
-0.3285	-0.3769
0.8419	0.0922
1.0816	-0.0658
0.4390	0.0693
0.1560	-0.4279
-0.3973	0.3548
1.5432	0.0259
1.0918	-0.3361
-0.4917	-0.2876
0.4008	0.2758
0.1917	-0.1321
-0.2979	-0.4075
0.6660	0.1305
-0.2800	-0.4432
0.3753	0.2554
0.1560	-0.1321
-0.1653	-0.4686
0.1993	0.3191
-0.0327	0.0055
-0.0148	-0.2953
1.4284	0.1126
1.3596	-0.1143
1.2780	-0.3361
-0.2979	0.2197
-0.2749	0.0744
-0.3132	-0.2443
1.4361	-0.3692
-0.4203	0.1075
0.6966	-0.1831
-0.1525	0.3370
-0.2571	0.0489
-0.2596	-0.2953
1.5049	0.0361
1.4514	-0.1780
1.2423	-0.3692
-0.4866	-0.0251
1.2754	0.2044
1.2270	-0.1423
0.6507	-0.0709
0.7170	0.0055
0.9490	-0.0633
0.2529	0.1815
0.0922	-0.1500
-0.2316	-0.4253
0.5589	0.1738
0.2784	-0.3896
-0.4305	0.3242
1.4820	0.1738
1.4692	-0.0837
1.4386	-0.2163
1.0995	-0.3412
-0.5044	-0.2188
0.6405	0.1738
0.1840	-0.4763
-0.5937	-0.0531
0.2656	0.3676
0.0336	0.0106
0.0285	-0.2902
1.3596	0.1330
1.2958	-0.1729
0.8547	-0.1933
-0.4152	0.2273
1.4565	-0.4075
-0.4789	-0.1423
1.0842	0.1407
1.0332	-0.1551
-0.1245	0.2860
-0.2571	-0.0480
-0.3055	-0.2978
1.2780	0.1560
1.2168	-0.1857
0.3396	0.1075
0.2044	-0.3055
0.6328	0.0871
-0.3081	0.1330
-0.3412	-0.0480
-0.3361	0.0616
-0.3795	-0.0888
-0.0939	0.1840
-0.2061	-0.1729
-0.3565	-0.3259
1.1301	0.1228
1.0051	-0.1806
-0.2341	0.2834
-0.2800	0.0489
-0.3081	-0.2774
1.5177	-0.0251
1.3902	-0.3463
-0.1678	0.2375
-0.2928	-0.1219
-0.3871	-0.1984
1.5304	-0.0964
1.0128	-0.3055
-0.5248	-0.2392
0.5410	0.2299
0.3166	-0.3055
0.1330	0.3217
-0.1117	-0.0098
-0.0709	-0.3284
1.2958	0.1305
1.2346	-0.2061
0.3498	0.0999
0.2070	-0.3131
0.5691	0.1126
0.0719	-0.4890
-0.5478	0.2120
0.8904	0.1738
1.3188	0.0718
1.2550	-0.2545
0.1330	0.2018
-0.0327	-0.1117
-0.0735	-0.4177
0.5640	0.1560
0.2325	-0.4304
-0.5580	0.1687
0.8955	0.1687
1.2627	0.0336
1.1479	-0.2749
-0.3412	0.2146
0.0107	0.1381
-0.0837	-0.1704
-0.2214	-0.4202
0.6889	0.1126
0.1891	0.1203
0.0668	-0.1984
-0.4228	-0.1933
1.4157	0.1738
1.3443	-0.0760
1.2678	-0.3259
-0.2749	0.2324
-0.3030	0.0285
-0.3361	-0.2137
1.4922	-0.3004
-0.2035	0.2426
-0.3055	-0.1117
-0.4075	-0.1092
0.6609	-0.1525
0.2095	0.2554
-0.0199	-0.0684
0.0209	-0.3616
0.8470	0.0412
0.8649	-0.0684
0.2350	0.2120
0.0515	-0.1092
-0.0148	-0.4406
0.2758	0.2834
0.0464	-0.0607
0.0617	-0.3667
0.7654	0.0693
1.1275	-0.0302
0.6838	-0.0658
0.6456	0.0412
1.4080	0.0948
1.3468	-0.1500
1.1709	-0.3259
-0.4917	-0.0429
1.1658	0.1865
1.1071	-0.1704
0.0617	0.2452
-0.1270	-0.0939
-0.1143	-0.3871
0.8496	0.0540
0.9082	-0.0760
0.1356	0.2426
-0.0556	-0.0735
-0.0429	-0.3794
0.8470	0.0565
0.8955	-0.0709
0.1738	0.2401
-0.0327	-0.0913
-0.0199	-0.3922
0.6991	0.0897
1.5202	-0.1219
1.2423	-0.3794
-0.4968	-0.0990
1.0791	0.1534
1.0434	-0.1423
-0.0709	0.2834
-0.2341	-0.0684
-0.2724	-0.3412
1.1403	0.1050
1.0255	-0.1780
-0.2724	0.2732
-0.2188	0.1101
-0.2545	-0.2545
1.1173	-0.3743
-0.4611	-0.4151
-0.0913	0.4644
0.1611	0.0693
0.0948	-0.2367
1.3009	-0.4100
-0.4968	-0.2112
0.8215	0.1228
1.2550	0.0412
1.1479	-0.2621
-0.3489	0.2171
0.0719	0.1228
-0.0276	-0.1729
-0.2112	-0.4279
0.5997	0.1534
0.1789	-0.4610
-0.5988	0.0336
0.5206	0.2554
0.2937	-0.2519
0.8062	0.0310
0.8547	-0.0505
0.3396	0.1636
0.1891	-0.2137
1.4055	0.1101
1.3443	-0.1296
1.2117	-0.3412
-0.4509	0.0744
1.5559	-0.0607
0.9694	-0.2800
-0.5274	-0.2061
0.5767	0.2146
0.3115	-0.3667
-0.3565	0.3625
1.3953	-0.4483
-0.4407	-0.3896
0.2656	0.3242
0.0387	-0.0149
0.0489	-0.3157
1.0765	0.0489
0.8088	-0.1092
0.0591	0.2885
-0.1500	-0.0378
-0.1143	-0.3565
1.0816	0.0769
0.8674	-0.1296
-0.1168	0.3115
-0.2494	-0.0072
-0.2647	-0.3182
1.2882	0.1560
1.2142	-0.1933
0.3472	0.0973
0.1968	-0.3182
0.5385	0.1458
0.2248	-0.4202
-0.5121	0.2503
1.0995	0.1993
1.1301	-0.1168
0.3651	0.0922
0.2146	-0.3335
0.3370	0.2324
0.1381	-0.1321
-0.2061	-0.4508
0.3880	0.2452
0.1840	-0.1500
-0.4305	-0.2112
1.3188	0.1764
1.2627	-0.1423
0.8445	-0.1857
-0.3744	0.2656
0.9465	-0.3284
-0.4917	-0.3794
-0.1015	0.4746
0.3268	0.0055
0.1203	-0.4381
-0.2877	0.3982
0.7297	-0.2061
-0.3463	0.3038
0.5793	-0.1168
0.6991	0.0259
1.0995	-0.0251
0.5920	-0.0200
1.1658	0.0234
0.9286	-0.1984
-0.3693	0.2426
0.7858	-0.2341
-0.5070	0.1101
1.1836	0.2095
1.1581	-0.1449
0.3574	0.1024
0.2044	-0.3208
0.5002	0.1611
0.2580	-0.3718
-0.2188	0.3931
0.1611	0.0871
0.0770	-0.2214
0.1330	0.1356
0.0107	-0.1551
-0.1372	-0.4559
0.3855	0.2375
0.1789	-0.1576
-0.4407	-0.1576
1.4998	0.0795
1.4667	-0.1245
1.3876	-0.3208
0.0260	0.2120
-0.1347	-0.1168
-0.1525	-0.3998
0.8241	0.0616
1.0026	-0.0735
0.2146	0.1967
0.0362	-0.1321
-0.0505	-0.4355
0.3141	0.2605
0.0922	-0.0862
0.0489	-0.4100
0.2503	0.2962
0.0107	-0.0352
0.0387	-0.3259
1.0612	0.0489
0.7833	-0.0913
0.2325	0.2222
0.0311	-0.0990
0.0132	-0.4024
0.4365	0.2018
0.2503	-0.2392
1.0204	0.0132
0.6379	-0.0149
1.0510	-0.0302
0.4977	0.0489
-0.1933	-0.4686
0.1636	0.3370
-0.0607	0.0183
-0.0505	-0.2927
1.4947	-0.2341
0.3600	0.0616
0.1840	-0.3743
0.0285	0.3650
-0.1755	0.0412
-0.1576	-0.2953
1.4896	-0.2418
0.2376	0.1203
0.1126	-0.2163
0.4798	-0.0225
0.4186	0.0055
-0.0913	-0.4941
-0.1780	0.4287
0.1917	0.0744
0.1126	-0.2443
1.4973	-0.0302
1.4386	-0.2519
0.6456	-0.1066
0.5206	0.1126
0.1228	-0.4636
-0.4789	0.3038
1.2142	0.2324
1.1989	-0.1092
0.7527	-0.1219
0.0285	0.2962
-0.1729	-0.0251
-0.1372	-0.3361
1.1836	0.1203
1.0816	-0.2061
-0.2137	0.2834
-0.2953	0.0055
-0.3259	-0.2647
1.5151	0.0336
1.4641	-0.2035
1.1199	-0.3386
-0.5146	-0.1704
0.8139	0.1407
1.3519	0.0922
1.3035	-0.1984
0.8190	-0.1831
-0.3489	0.2758
0.6736	-0.1755
-0.0607	0.3344
-0.2290	0.0106
-0.2061	-0.3055
1.3953	0.1636
1.3239	-0.0964
1.2091	-0.3259
-0.4024	0.1509
0.8572	-0.2800
-0.5529	-0.1423
0.6762	0.1738
0.0693	-0.4967
-0.5835	0.1356
0.6813	0.2044
0.1687	-0.4763
-0.6039	-0.0939
0.1381	0.4134
-0.0148	0.0667
-0.0429	-0.2188
-0.4305	-0.1423
1.5177	-0.1500
0.6736	-0.1321
0.2554	0.2324
0.0489	-0.0990
0.0132	-0.4075
0.4212	0.2171
0.2350	-0.2061
1.2907	0.1101
1.2168	-0.2239
0.1917	0.1687
0.0336	-0.1372
-0.1143	-0.4457
0.3702	0.2503
0.1636	-0.1245
-0.2112	-0.4534
0.3523	0.2554
0.1509	-0.1092
-0.0658	-0.4763
0.0209	0.3931
-0.1525	0.0744
-0.1576	-0.2749
0.6022	-0.1143
0.6813	0.0412
1.1989	0.0310
1.0255	-0.2265
-0.4024	0.2018
1.0383	-0.3718
-0.4509	-0.4686
-0.3489	0.4568
1.4947	0.1840
1.4820	-0.1627
1.2754	-0.3794
-0.4509	0.0540
1.5381	0.0183
1.3519	-0.3769
-0.3871	0.1483
0.3294	0.0336
0.1611	-0.3973
-0.0505	0.3880
-0.1678	0.0871
-0.1831	-0.2647
0.4773	-0.0327
0.4186	0.0081
