1.4284	-0.3769
-0.3463	0.1713
-0.1168	0.1560
-0.2061	-0.1984
-0.4152	-0.1168
1.2142	-0.4279
-0.4687	-0.3590
0.2758	0.3191
0.0566	-0.0225
0.0566	-0.3208
1.0281	0.0387
0.7833	-0.0811
0.2605	0.2044
0.0821	-0.1219
-0.1015	-0.4406
0.3421	0.2656
0.1407	-0.1015
-0.0505	-0.4508
0.1560	0.3472
-0.0811	0.0157
-0.0607	-0.2749
1.2346	-0.4100
-0.4993	-0.2545
0.6813	0.1687
-0.1092	-0.4865
-0.2010	0.4313
0.4594	-0.0505
1.5075	-0.1653
1.0663	-0.3361
-0.5223	-0.1704
0.7807	0.1432
1.5177	-0.1168
1.3264	-0.3692
-0.3973	0.1305
0.7195	-0.2061
-0.2877	0.3166
0.1126	0.1152
0.0056	-0.1882
-0.3208	-0.3769
0.8751	0.0922
0.9771	-0.0964
0.1942	0.2095
0.0183	-0.1015
-0.0327	-0.4075
0.5385	0.1611
0.2427	-0.3947
-0.4024	0.3548
1.5483	0.0106
1.0051	-0.3004
-0.5325	-0.1908
0.7017	0.1764
-0.1576	-0.4916
-0.0582	0.4211
-0.0531	0.1126
-0.1143	-0.1882
-0.3463	-0.3284
1.0612	0.1152
0.9541	-0.1423
-0.1117	0.3089
-0.2673	-0.0225
-0.2724	-0.3029
1.3545	0.1815
1.2729	-0.1296
1.0383	-0.2723
-0.5044	0.0310
1.2576	0.2273
1.2040	-0.1194
0.7552	-0.1347
-0.0301	0.3191
-0.2061	-0.0098
-0.1984	-0.3157
1.3035	0.1611
1.2346	-0.1729
0.7476	-0.1423
-0.0607	0.3268
-0.2137	0.0004
-0.2214	-0.3182
1.3366	0.1713
1.2780	-0.1347
0.9720	-0.2647
-0.4942	0.0463
1.2015	0.2146
1.1632	-0.1321
0.4875	0.0234
-0.4101	-0.0811
1.3851	-0.4279
-0.4840	-0.1525
1.0179	0.1356
1.0077	-0.1347
0.0413	0.2554
-0.1347	-0.0582
-0.1372	-0.3616
1.0332	0.0769
0.8394	-0.1117
0.0336	0.2936
-0.1602	-0.0276
-0.1423	-0.3386
1.1683	0.1228
1.0587	-0.1984
-0.1882	0.2885
-0.2775	-0.0021
-0.3081	-0.2596
1.4973	0.0769
1.4488	-0.0837
1.4386	-0.1857
1.3239	-0.3590
-0.2749	0.2146
-0.2953	0.0208
-0.3285	-0.2086
1.3519	-0.4177
-0.4993	-0.1474
1.0153	0.1407
1.0281	-0.1219
0.0668	0.2554
-0.1347	-0.0709
-0.1041	-0.3514
1.0102	0.0667
0.8215	-0.1041
0.1152	0.2579
-0.0913	-0.0556
-0.0582	-0.3386
1.0663	0.0718
0.8751	-0.1321
-0.1092	0.3115
-0.2367	0.0055
-0.2443	-0.2953
1.3647	0.1738
1.2856	-0.1143
1.1199	-0.3131
-0.4662	0.0667
1.4386	0.2018
1.3723	-0.0098
1.3570	-0.2367
0.9949	-0.2876
-0.5121	-0.0735
0.9312	0.1432
1.0714	-0.0837
0.4467	0.0667
0.0285	-0.4585
-0.2214	0.4083
0.4696	-0.0709
1.2907	0.1024
1.2346	-0.2239
0.3651	0.0871
0.1789	-0.3539
0.2529	0.2809
0.0387	-0.0556
0.0209	-0.3590
0.8266	0.0514
0.9159	-0.0709
0.2223	0.2018
0.0540	-0.1117
-0.0709	-0.4228
0.4161	0.2146
0.2325	-0.2137
1.1913	0.0820
1.0969	-0.2341
-0.2112	0.2656
-0.2851	0.0081
-0.3183	-0.2519
1.5355	-0.0454
1.3443	-0.3692
-0.3285	0.1942
-0.2137	0.1279
-0.2749	-0.2188
0.1432	0.1381
0.0158	-0.1551
-0.1729	-0.4279
0.5232	0.1840
0.2733	-0.3539
-0.1423	0.3905
-0.1041	0.1228
-0.1653	-0.1984
-0.3973	-0.2494
1.3162	0.1891
1.2550	-0.1270
0.9337	-0.2341
-0.4815	0.1279
1.4565	0.1891
1.4182	0.0004
1.3927	-0.1729
1.2831	-0.3616
-0.3412	0.1891
-0.0531	0.1560
-0.1576	-0.1729
-0.3208	-0.3284
1.0714	0.1101
0.9720	-0.1525
-0.1372	0.2936
-0.2622	-0.0098
-0.2749	-0.2851
1.4029	0.1687
1.3239	-0.0735
1.2933	-0.3157
-0.0505	0.2375
-0.2061	-0.1015
-0.2418	-0.3590
1.0740	0.1024
0.9388	-0.1474
-0.1423	0.2962
-0.2520	0.0132
-0.2800	-0.2953
1.4361	0.1356
1.3723	-0.0480
1.3723	-0.2519
0.7654	-0.1729
-0.2010	0.3319
-0.1653	0.1126
-0.2086	-0.2290
-0.1245	0.1891
-0.2341	-0.1653
-0.3667	-0.2647
1.3264	0.1942
1.2448	-0.1423
0.9210	-0.2239
-0.4687	0.1432
1.4820	0.1916
1.4335	-0.0047
1.4182	-0.1398
1.3902	-0.3055
0.3294	0.0795
0.1764	-0.3259
0.5002	0.1534
0.2325	-0.3896
-0.2698	0.3880
0.6099	-0.1423
0.3523	0.1815
0.1815	-0.2061
1.4973	0.0489
1.4386	-0.0837
1.4310	-0.1857
1.3315	-0.3565
-0.2545	0.2273
-0.2928	0.0106
-0.3463	-0.1959
1.3264	-0.4202
-0.4968	-0.2010
0.8955	0.1356
1.0944	-0.0556
0.5589	0.0055
1.4106	0.1279
1.3341	-0.1219
1.2550	-0.3463
-0.2877	0.2171
-0.2469	0.0871
-0.2775	-0.2188
0.8878	-0.2953
-0.5452	-0.1245
0.7578	0.1687
-0.0123	0.1840
-0.1347	-0.1245
-0.2010	-0.3820
0.8955	0.0718
0.8827	-0.0888
0.1585	0.2350
-0.0352	-0.0684
-0.0327	-0.3641
0.8878	0.0412
0.7986	-0.0607
0.3651	0.1407
0.2044	-0.2698
0.9006	0.0132
0.6711	-0.0098
0.9414	-0.0454
0.3753	0.1254
0.2019	-0.2978
0.6405	0.0922
-0.1143	0.2018
-0.2290	-0.1372
-0.3642	-0.2545
1.3723	0.1891
1.2958	-0.0913
1.1913	-0.3233
-0.3565	0.1916
0.1687	0.0999
0.0770	-0.2137
0.0311	0.1713
-0.1143	-0.1321
-0.1321	-0.4024
0.8037	0.0820
1.0587	-0.0505
0.5206	0.0259
-0.0582	0.1865
-0.1831	-0.1347
-0.2673	-0.3590
1.0255	0.0999
0.8955	-0.1296
-0.0429	0.2885
-0.2112	-0.0200
-0.2061	-0.3284
1.2525	0.1560
1.1811	-0.1959
0.3753	0.0795
0.1738	-0.3667
0.1713	0.3166
-0.0633	-0.0098
-0.0378	-0.2851
1.4973	0.0489
1.4463	-0.1015
1.4284	-0.2137
1.2372	-0.3616
-0.4560	0.0540
1.5177	0.1075
1.4896	-0.1398
1.4157	-0.3157
0.3600	0.0693
0.1509	-0.3794
0.1228	0.3319
-0.0786	0.0208
-0.0837	-0.2851
1.4463	-0.3412
-0.1959	0.2375
-0.2953	-0.0837
-0.3667	-0.2086
1.5151	-0.1347
0.8649	-0.2341
-0.4968	0.1279
1.3417	0.2375
1.2805	-0.0480
1.2219	-0.3055
-0.2571	0.2375
-0.2979	0.0208
-0.3285	-0.2316
1.3927	-0.4049
-0.4713	0.0132
1.5177	0.0718
1.4794	-0.1984
1.1836	-0.3590
-0.5095	-0.0837
1.0918	0.1789
1.0791	-0.1321
0.1993	0.1840
0.0311	-0.1245
-0.1015	-0.4279
0.5206	0.1789
0.2707	-0.3514
-0.0786	0.3778
-0.1500	0.0973
-0.1831	-0.2316
-0.3463	0.0999
-0.3718	-0.0454
-0.3591	0.0616
-0.3795	-0.0403
-0.3030	0.1305
-0.3540	-0.1627
-0.0505	0.1942
-0.1882	-0.1296
-0.1984	-0.3871
0.9439	0.0795
0.8649	-0.0913
0.1509	0.2324
-0.0531	-0.0633
-0.0225	-0.3284
1.0612	0.0693
0.8776	-0.1372
-0.0837	0.3115
-0.2443	-0.0021
-0.2341	-0.3080
1.4106	0.1534
1.3366	-0.0633
1.3315	-0.2774
0.4875	0.0081
-0.0301	0.1840
-0.1576	-0.1245
-0.2061	-0.3769
0.9388	0.0693
0.8623	-0.0990
0.1458	0.2426
-0.0505	-0.0480
-0.0352	-0.3335
1.0893	0.0922
0.9490	-0.1525
-0.1653	0.3064
-0.2724	0.0259
-0.2775	-0.2698
1.5024	-0.1959
0.5691	-0.0709
0.9363	-0.0200
0.4747	0.0718
0.0005	-0.4636
-0.1959	0.4287
0.3753	-0.0200
-0.1755	-0.4636
0.2223	0.3293
-0.0123	-0.0021
-0.0148	-0.2749
1.4080	-0.3667
-0.3157	0.2171
-0.2979	0.0795
-0.3285	-0.2137
0.6303	-0.1245
0.4186	0.1534
0.2248	-0.2851
0.7068	0.0718
1.2321	0.0693
1.1607	-0.2494
-0.0327	0.2554
-0.2035	-0.0709
-0.1933	-0.3386
1.1479	0.1330
1.0485	-0.1831
-0.0709	0.2860
-0.2443	-0.0403
-0.2418	-0.3284
1.2780	0.1713
1.2117	-0.1653
0.6685	-0.0913
0.4696	0.1152
0.2070	-0.4177
-0.3795	0.3523
1.5763	-0.0939
0.3957	0.0310
0.0795	-0.4559
-0.3642	0.3829
1.5610	-0.1143
0.2733	0.1101
0.1534	-0.2596
1.1709	0.0693
0.9949	-0.2137
-0.3591	0.2324
0.4492	-0.0556
1.3876	-0.3973
-0.4356	0.0667
1.3978	-0.4228
-0.4840	-0.2469
0.8139	0.1305
1.2729	0.0642
1.1989	-0.2647
-0.1245	0.2554
-0.2571	-0.0837
-0.3361	-0.2698
1.3494	0.1815
1.2831	-0.1347
1.0204	-0.2749
-0.5044	-0.0149
1.0842	0.1662
1.0689	-0.1449
0.0540	0.2426
-0.1270	-0.0837
-0.1219	-0.3718
0.9108	0.0616
0.8164	-0.0760
0.2860	0.1891
0.1152	-0.1678
-0.3973	-0.2570
1.1964	0.1585
1.1199	-0.1933
-0.0174	0.2528
-0.1959	-0.0888
-0.2137	-0.3565
1.0128	0.0769
0.8368	-0.0913
0.0795	0.2630
-0.1296	-0.0556
-0.0888	-0.3590
1.0102	0.0540
0.7833	-0.0837
0.2707	0.2095
0.0872	-0.1500
-0.1933	-0.4406
0.4416	0.2197
0.2529	-0.2367
1.0153	0.0004
0.6354	-0.0200
1.0230	-0.0429
0.4135	0.0922
0.1942	-0.3871
-0.1729	0.3956
0.0719	0.1126
-0.0199	-0.1882
-0.3157	-0.3794
0.8649	0.0922
1.0051	-0.0888
0.2019	0.1942
0.0209	-0.1270
-0.0556	-0.4304
0.3804	0.2222
0.2019	-0.1653
0.3421	0.0310
0.1636	-0.4024
-0.1296	0.4032
-0.0760	0.1305
-0.1474	-0.2035
-0.3922	-0.2647
1.2652	0.1738
1.2066	-0.1729
0.4875	0.0285
-0.3769	-0.3284
0.9490	0.0948
0.9312	-0.1015
0.0158	0.2732
-0.1755	-0.0582
-0.1449	-0.3565
1.0587	0.0744
0.8751	-0.1321
-0.0939	0.3166
-0.2469	-0.0098
-0.2469	-0.3080
1.3009	0.1687
1.2372	-0.1729
0.5895	-0.0454
1.0102	-0.0251
0.4569	0.0616
0.0591	-0.4585
-0.3361	0.3982
1.4565	-0.4151
-0.4789	-0.2061
0.9363	0.1152
1.0281	-0.1015
0.1636	0.2069
-0.0021	-0.0990
-0.0429	-0.3973
0.5971	0.1177
-0.0352	-0.4992
-0.4075	0.3778
1.4565	0.2197
1.4310	-0.0098
1.4080	-0.1653
1.3366	-0.3463
-0.2341	0.2299
-0.3030	-0.0302
-0.3591	-0.1653
1.2550	-0.4279
-0.4611	-0.3590
0.2835	0.3217
0.0515	-0.0276
0.0489	-0.3284
0.9975	0.0336
0.7144	-0.0505
0.6201	0.0387
1.4896	0.0616
1.4182	-0.0658
1.4259	-0.2137
1.2015	-0.3667
-0.4866	-0.0556
1.1556	0.1916
1.1071	-0.1525
0.1611	0.1942
-0.0021	-0.1194
-0.0837	-0.4177
0.5589	0.1611
0.2299	-0.4202
-0.5070	0.2426
1.0918	0.1967
1.1301	-0.1092
0.4084	0.0718
0.1611	-0.4075
-0.2316	0.3931
0.3727	-0.0200
-0.1041	-0.4788
-0.0837	0.4160
-0.0429	0.1152
-0.1168	-0.1959
-0.3489	-0.3310
1.0510	0.1101
0.9516	-0.1423
-0.1398	0.3038
-0.2596	-0.0098
-0.2902	-0.3004
1.3774	0.1738
1.2958	-0.1092
1.1811	-0.3157
-0.4356	0.1177
1.4412	-0.4049
-0.4815	-0.0811
1.2448	0.2018
1.1913	-0.1602
0.5461	-0.0021
1.4004	0.1279
1.3239	-0.1423
1.1913	-0.3361
-0.4585	0.0514
1.4871	0.1713
1.4361	-0.0072
1.4004	-0.1653
1.3851	-0.3284
0.0897	0.1815
-0.0633	-0.1245
-0.1449	-0.4075
0.7144	0.0999
1.4667	0.0616
1.4080	-0.0607
1.4208	-0.2239
1.1403	-0.3437
-0.4968	-0.1347
0.9133	0.1330
1.0740	-0.0735
0.3982	0.0871
0.1789	-0.3743
-0.0097	0.3650
-0.1423	0.0667
-0.1474	-0.2596
1.0459	-0.3616
-0.5019	-0.3335
0.2452	0.3344
0.0311	-0.0072
0.0260	-0.2978
1.2525	0.1228
1.1887	-0.2188
0.2121	0.1585
0.0617	-0.1678
-0.2902	-0.3769
0.8139	0.0897
1.0816	-0.0480
0.5716	-0.0021
1.3162	0.1203
1.2499	-0.2239
0.4875	0.0055
0.1764	0.1050
0.0693	-0.2061
-0.1780	0.1764
-0.2647	-0.1627
-0.3744	0.0208
-0.2877	0.1203
-0.3310	-0.1831
0.3880	0.0183
0.0234	-0.4686
-0.2953	0.4134
1.0281	-0.3769
-0.4407	-0.4559
-0.3387	0.4619
1.4896	0.1942
1.4845	-0.1525
1.3494	-0.3590
-0.2137	0.2375
-0.3030	-0.0556
-0.3769	-0.1831
1.3723	-0.4151
-0.4942	-0.0837
1.1811	0.1891
1.1505	-0.1449
0.3778	0.0744
0.1738	-0.3769
0.0795	0.3370
-0.1168	0.0259
-0.1092	-0.2749
1.3927	-0.3947
-0.4483	0.0718
1.3723	-0.4279
-0.4942	-0.1984
0.9210	0.1330
1.0536	-0.0837
0.3727	0.1101
0.1891	-0.3335
0.4263	0.1942
0.2427	-0.2519
0.9082	0.0081
0.6405	-0.0021
1.0816	-0.0072
0.6813	-0.0505
0.6787	0.0310
1.0995	-0.0072
0.7629	-0.1092
0.1356	0.2554
-0.0607	-0.0531
-0.0403	-0.3437
0.9873	0.0438
0.7629	-0.0760
0.3574	0.1534
0.1917	-0.2570
1.0459	0.0387
0.7450	-0.0786
0.3549	0.1534
0.2044	-0.2418
1.0740	0.0438
0.7858	-0.0990
0.1126	0.2554
-0.0837	-0.0531
-0.0607	-0.3412
1.0459	0.0591
0.8470	-0.1296
-0.0403	0.2962
-0.2137	-0.0200
-0.2112	-0.3310
1.2499	0.1560
1.1734	-0.1984
0.3243	0.1050
0.1713	-0.2978
0.8062	0.0310
0.8496	-0.0684
0.3166	0.1738
0.1483	-0.2035
0.9490	-0.3080
-0.5325	-0.2061
0.5844	0.2095
0.2937	-0.3743
-0.3769	0.3523
1.5381	-0.2698
-0.3336	0.1713
-0.2775	0.0820
-0.3157	-0.2163
0.8904	-0.2851
-0.5503	-0.1270
0.7399	0.1585
-0.4279	-0.0556
1.3111	-0.4355
-0.4789	-0.3004
0.5895	0.1942
0.2656	-0.3973
-0.4585	0.3064
1.3596	0.2554
1.3188	-0.0098
1.2958	-0.2927
0.1764	0.1662
0.0336	-0.1372
-0.1602	-0.4202
0.5614	0.1611
0.2223	-0.4100
-0.4585	0.3140
1.3417	0.2579
1.2933	-0.0149
1.2499	-0.2978
-0.0072	0.2324
-0.1780	-0.0939
-0.1755	-0.3565
1.0179	0.0744
0.8776	-0.1219
-0.0123	0.2936
-0.1908	-0.0200
-0.1831	-0.3361
1.2550	0.1611
1.1964	-0.1780
0.4365	0.0336
-0.0811	-0.4712
-0.0276	0.3931
-0.0939	0.1075
-0.1321	-0.2086
-0.4279	-0.1500
1.4769	-0.3004
-0.1653	0.2324
-0.2775	-0.1168
-0.3591	-0.2494
1.3851	0.1713
1.3162	-0.1041
1.1964	-0.3208
-0.4432	0.0769
1.5610	-0.0225
1.1505	-0.3616
-0.4917	-0.2774
0.5002	0.2324
0.2962	-0.2647
0.6201	0.0795
-0.2851	0.1458
-0.3336	-0.0913
-0.2341	0.1432
-0.3004	-0.2061
0.2223	0.0922
0.1254	-0.2316
1.5151	-0.0888
1.3264	-0.3667
-0.3795	0.1636
0.2503	0.0565
0.1534	-0.3004
0.8955	0.0208
0.7017	-0.0098
0.8547	-0.0302
0.4212	0.1126
0.2121	-0.3590
0.0056	0.3625
-0.1653	0.0412
-0.1551	-0.2902
1.5253	-0.1219
1.0893	-0.3361
-0.5095	-0.2570
0.5232	0.2350
0.3039	-0.2876
0.3804	0.2044
0.1993	-0.1984
1.4922	0.0387
1.4565	-0.0939
1.4361	-0.2239
1.1173	-0.3361
-0.4993	-0.1857
0.7552	0.1509
1.0944	-0.3692
-0.4687	-0.3845
0.0107	0.4287
-0.0072	0.0922
-0.0633	-0.2112
-0.4024	-0.2163
1.3672	0.1942
1.2882	-0.1117
1.1122	-0.3004
-0.4968	-0.0021
1.2397	0.2222
1.1913	-0.1474
0.5206	0.0055
0.8547	-0.2570
-0.5223	-0.0327
0.9006	0.1483
1.1173	-0.0582
0.6226	-0.0531
0.8674	-0.0251
0.4339	0.1101
0.2019	-0.3769
-0.1321	0.3880
-0.0505	0.1228
-0.1245	-0.2086
-0.3922	-0.2061
1.4080	0.1738
1.3366	-0.0633
1.3162	-0.3055
0.0183	0.2222
-0.1500	-0.1143
-0.1653	-0.3743
0.8955	0.0642
0.8674	-0.0735
0.1738	0.2350
-0.0199	-0.0735
-0.0148	-0.3743
0.7246	0.0795
1.2652	0.0744
1.2015	-0.2545
-0.0097	0.2375
-0.1806	-0.0990
-0.2010	-0.3616
0.9898	0.0795
0.8292	-0.0939
0.1101	0.2554
-0.0913	-0.0556
-0.0633	-0.3488
1.0102	0.0540
0.7833	-0.0837
0.2631	0.2069
0.0897	-0.1245
-0.1347	-0.4355
0.3651	0.2554
0.1687	-0.1321
-0.2953	-0.4075
0.6787	0.1228
-0.4101	-0.0149
0.7450	-0.1959
-0.3412	0.3064
0.5079	-0.0837
1.0944	-0.0072
0.7374	-0.0964
0.3141	0.1942
0.1305	-0.1780
-0.3642	0.0795
-0.2877	0.0973
-0.3412	-0.1933
0.6048	-0.1168
0.5946	0.0718
-0.3565	0.0948
-0.3387	0.0336
-0.3795	-0.1347
0.3804	0.0081
0.0056	-0.4686
-0.2877	0.4185
0.9618	-0.3463
-0.4815	-0.3973
-0.1500	0.4619
0.5410	-0.1219
0.7807	0.0030
0.7476	-0.0225
0.6889	-0.0021
0.9439	-0.0505
0.3396	0.1483
0.1738	-0.2469
1.1173	0.0489
0.9082	-0.1576
-0.2826	0.2834
-0.1015	0.1407
-0.1755	-0.2061
-0.4177	-0.1092
1.1250	-0.3871
-0.4509	-0.4075
-0.0607	0.4568
0.1101	0.0922
0.0387	-0.1959
-0.4279	-0.1347
1.5279	-0.1449
0.6787	-0.1168
0.2656	0.2171
0.0719	-0.1245
-0.0505	-0.4355
0.2452	0.2987
0.0234	-0.0276
0.0285	-0.3259
1.0612	0.0591
0.8215	-0.1117
0.0336	0.2936
-0.1729	-0.0352
-0.1449	-0.3488
1.1505	0.0999
1.0357	-0.1882
-0.2469	0.2834
-0.2647	0.0718
-0.2953	-0.2596
1.4106	-0.3871
-0.4560	0.0540
1.4871	-0.3412
-0.3973	0.1305
0.1305	0.1177
0.0234	-0.1729
-0.2698	-0.4100
0.7068	0.1203
0.8241	-0.2367
-0.5172	0.0922
1.1938	0.2146
1.1734	-0.1245
0.5334	-0.0098
1.5253	-0.0913
1.3851	-0.3565
-0.0964	0.2452
-0.2392	-0.1041
-0.3157	-0.2876
1.2448	0.1738
1.1709	-0.1933
0.3039	0.1203
0.1713	-0.2469
1.1326	0.0693
0.9363	-0.1755
-0.2902	0.2834
-0.0837	0.1432
-0.1627	-0.1831
-0.3693	-0.2723
1.2448	0.1789
1.1811	-0.1780
0.3600	0.0897
0.1866	-0.3463
0.3064	0.2350
0.1101	-0.1143
-0.0658	-0.4483
0.1942	0.3166
-0.0352	-0.0021
-0.0199	-0.2876
1.4692	0.0820
1.4004	-0.0735
1.4055	-0.2265
1.0536	-0.3157
-0.5223	-0.1398
0.8419	0.1483
1.2219	0.0387
1.1097	-0.2545
-0.3412	0.2197
0.0795	0.1228
-0.0199	-0.1729
-0.2520	-0.4100
0.7323	0.1075
1.4743	0.0667
1.4106	-0.0735
1.4080	-0.2341
1.0689	-0.3157
-0.5121	-0.1398
0.8368	0.1407
1.2346	0.0540
1.1403	-0.2570
-0.2749	0.2452
-0.2137	0.1024
-0.2469	-0.2239
0.5665	-0.1041
0.8037	-0.0123
0.6609	0.0106
1.0587	-0.0276
0.6201	-0.0327
0.9669	-0.0352
0.4110	0.1101
0.1840	-0.3692
0.0922	0.3421
-0.1143	0.0208
-0.1041	-0.2876
1.5228	-0.0811
1.3035	-0.3769
-0.4177	0.1279
0.8139	-0.2469
-0.5325	0.0489
1.0893	0.1942
1.0893	-0.1347
0.2605	0.1432
0.1177	-0.1959
0.4212	0.0004
-0.2775	-0.4279
0.5385	0.1815
0.2733	-0.3641
-0.2724	0.3752
0.4798	-0.0658
1.3851	0.1126
1.3366	-0.1627
1.0612	-0.2953
-0.5146	-0.1168
0.8955	0.1356
1.1122	-0.0607
0.5079	0.0285
-0.3489	0.0514
-0.1449	0.1560
-0.2112	-0.2010
-0.2545	0.1534
-0.3183	-0.1780
0.1305	0.1279
0.0209	-0.1729
-0.2239	-0.4177
0.5895	0.1483
0.1662	-0.4686
-0.5962	0.0463
0.5767	0.2452
0.3243	-0.3157
-0.0429	0.3752
-0.1959	0.0591
-0.1933	-0.2876
