1.4718	-0.6930
-0.3132	0.1815
0.4288	-0.1933
1.1887	0.0769
0.9975	-0.2086
0.2937	0.1534
-0.0531	-0.4177
1.2193	0.1636
1.1199	-0.1704
0.5359	-0.0098
0.8241	-0.3871
-0.3259	0.3472
1.4361	-0.7542
-0.5223	-0.0862
1.2448	0.2911
1.3111	-0.0149
1.1403	-0.3310
0.1687	0.1738
-0.0505	-0.3106
1.4157	-0.6803
-0.2979	0.1967
0.4212	-0.1831
1.2703	0.1126
1.1199	-0.2418
0.3931	0.0616
-0.2367	-0.4890
0.9490	0.1662
1.3035	0.0489
1.1122	-0.3004
0.2350	0.1330
-0.0607	-0.3769
1.3978	0.1967
1.2831	-0.1678
0.9796	-0.3233
-0.0862	0.2936
0.0948	-0.0837
-0.3259	-0.3437
1.4922	0.2222
1.3800	-0.0913
1.2729	-0.4100
0.4186	-0.0072
-0.3820	-0.1423
1.4973	-0.6930
-0.2851	0.1815
0.3166	-0.1219
0.0438	0.0642
-0.1704	-0.3131
1.2499	-0.6369
-0.5223	0.0310
1.3851	0.3064
1.3902	-0.0098
1.2627	-0.3565
0.5563	-0.0837
1.3137	0.1203
1.1556	-0.2545
0.4620	0.0259
-0.3897	-0.1857
1.6579	-0.2570
1.0969	-0.4967
-0.4177	0.2146
1.6707	-0.3284
0.5206	-0.1245
1.2142	0.0795
1.0306	-0.2188
0.2554	0.1585
-0.0429	-0.3845
1.3774	0.1916
1.2678	-0.1678
0.9108	-0.2851
-0.0046	0.2987
0.0311	-0.1245
-0.3540	-0.2647
1.6477	-0.1780
1.3800	-0.5783
0.0744	0.1611
-0.0964	-0.2621
0.3268	-0.0786
-0.3973	-0.1168
1.2703	-0.6853
-0.5427	-0.0633
1.1607	0.2732
1.3698	0.0387
1.2295	-0.3208
0.5283	-0.0531
1.6426	-0.1857
1.5457	-0.4075
1.3596	-0.5502
0.1534	0.1305
-0.0939	-0.3208
1.5993	-0.5018
0.6277	-0.1831
0.6991	0.0591
1.6222	-0.0888
1.5483	-0.2137
1.4973	-0.3259
1.4284	-0.5043
0.7450	-0.2341
0.2427	0.2477
0.0336	-0.3029
1.6146	-0.4202
0.9924	-0.4279
-0.3846	0.2656
1.6095	-0.6140
-0.2061	0.1815
0.0005	-0.0327
-0.2724	-0.3157
1.5993	-0.4763
0.6048	-0.1755
0.7527	0.0438
1.2984	0.0795
1.1173	-0.2698
0.3166	0.1126
-0.0964	-0.4534
1.0867	0.1407
1.0714	-0.1219
0.5920	-0.0276
1.5202	0.1203
1.3902	-0.1576
1.2550	-0.4381
0.2146	0.1203
-0.0913	-0.3794
1.4947	0.1891
1.3672	-0.1143
1.2372	-0.4177
0.2325	0.1152
-0.0939	-0.3896
1.3851	0.2044
1.2678	-0.1653
0.9439	-0.2927
-0.0454	0.3038
0.0617	-0.1117
-0.3387	-0.3131
1.5789	0.1075
1.5228	-0.1041
1.4590	-0.2902
1.3647	-0.4992
0.4135	-0.0098
-0.3769	-0.1270
1.3647	-0.7083
-0.4840	0.0438
1.5202	0.2783
1.4973	-0.0200
1.4004	-0.2953
1.1913	-0.4686
-0.1245	0.2554
0.0387	-0.0633
-0.2902	-0.3208
1.6248	0.0310
1.5610	-0.2163
1.5126	-0.3259
1.4412	-0.4839
0.8164	-0.2953
-0.0327	0.3370
0.1126	-0.1219
-0.3616	-0.3029
1.5636	0.1560
1.4998	-0.0735
1.4182	-0.3208
1.2346	-0.4890
-0.0633	0.2299
-0.0454	-0.1117
-0.3336	-0.2137
1.2703	-0.6599
-0.5376	-0.0327
1.2321	0.2962
1.3570	0.0208
1.1938	-0.3412
0.3549	0.0591
-0.2035	-0.4814
0.9796	0.1483
1.1862	-0.0225
0.9235	-0.2214
0.1840	0.2324
-0.0097	-0.2876
0.9312	-0.4585
-0.4968	0.1942
1.3800	0.3319
1.4412	0.0208
1.3264	-0.3208
0.9031	-0.3055
-0.1117	0.3370
0.1891	-0.1015
-0.3820	-0.2953
1.5406	0.1738
1.4667	-0.0633
1.3978	-0.3361
1.1097	-0.4406
-0.2469	0.2656
0.4339	-0.2010
1.1250	0.0565
0.9388	-0.1704
0.3549	0.1305
-0.0658	-0.4686
0.9796	0.1279
1.1326	-0.0505
0.7731	-0.1423
0.5716	0.0795
-0.3820	-0.1143
1.4259	-0.7057
-0.4381	0.1024
1.6528	-0.3947
0.4518	-0.0684
1.0638	-0.5502
-0.5299	0.0514
1.2040	0.3064
1.3978	0.0489
1.2703	-0.3182
0.6762	-0.1704
0.6430	0.0693
0.7068	-0.3055
0.0311	0.3370
0.0922	-0.1423
-0.3795	-0.2290
1.6375	-0.3667
0.8088	-0.3284
-0.1270	0.3599
0.2656	-0.1423
-0.2112	0.0871
-0.1729	-0.0429
-0.2979	-0.1372
0.0795	0.0157
-0.1959	-0.3794
1.5738	0.0744
1.5024	-0.1321
1.4412	-0.3335
1.2627	-0.5018
0.0107	0.2044
-0.0760	-0.1780
-0.3157	-0.0429
0.0744	0.0106
-0.1984	-0.3769
1.5763	0.0642
1.5177	-0.1449
1.4616	-0.3259
1.3188	-0.5018
0.2095	0.1228
-0.1015	-0.3769
1.5151	0.1611
1.4029	-0.1066
1.2984	-0.4024
0.5181	-0.0735
1.5789	0.0540
1.4794	-0.1270
1.4080	-0.3820
1.0689	-0.4279
-0.2775	0.2783
0.7476	-0.4024
-0.3489	0.3650
1.6248	-0.5604
-0.1551	0.1840
-0.0837	-0.0684
-0.3081	-0.2392
1.0255	-0.5451
-0.5580	-0.0047
1.0459	0.2834
1.6069	-0.2953
1.4565	-0.5324
0.6558	-0.1780
0.6328	0.0744
0.1279	0.0412
-0.1831	-0.3743
1.5483	0.1279
1.4590	-0.0939
1.3851	-0.3667
1.0255	-0.4024
-0.2647	0.2936
0.6634	-0.3412
-0.0225	0.3650
0.1611	-0.1296
-0.3897	-0.2570
1.6120	0.0489
1.5610	-0.2469
1.5075	-0.3769
1.3647	-0.5222
0.2707	0.0744
-0.1347	-0.4381
1.1658	0.1687
1.1097	-0.1398
0.5920	-0.0403
1.4080	0.1407
1.2652	-0.2316
0.8062	-0.2341
0.1891	0.2656
0.0285	-0.2545
0.5359	-0.2035
0.8368	0.0208
1.0383	-0.0352
0.7144	-0.0556
0.9694	-0.0174
0.7756	-0.0556
0.8598	-0.0276
0.8496	-0.0429
0.8062	-0.0200
0.9261	-0.0225
0.7552	-0.0225
0.9975	-0.0098
0.7527	-0.0556
0.8955	-0.0098
0.8037	-0.0480
0.8598	-0.0200
0.8394	-0.0302
0.8292	-0.0200
0.8674	-0.0378
0.7833	-0.0302
0.9159	-0.0327
0.7629	-0.0276
0.9745	-0.0200
0.7425	-0.0531
0.9337	-0.0098
0.7756	-0.0505
0.8980	-0.0225
0.7935	-0.0378
0.9057	-0.0276
0.7858	-0.0276
0.9261	-0.0200
0.7654	-0.0302
0.9516	-0.0225
0.7450	-0.0480
0.9363	-0.0251
0.7705	-0.0429
0.9261	-0.0225
0.7680	-0.0480
0.9184	-0.0200
0.7705	-0.0378
0.9210	-0.0302
0.7603	-0.0429
0.9363	-0.0225
0.7654	-0.0327
0.9363	-0.0200
0.7680	-0.0352
0.9261	-0.0225
0.7654	-0.0403
0.9184	-0.0225
0.7654	-0.0403
0.9312	-0.0225
0.7629	-0.0403
0.9439	-0.0123
0.7552	-0.0454
0.9337	-0.0200
0.7654	-0.0378
0.9261	-0.0149
0.7654	-0.0403
0.9286	-0.0200
0.7654	-0.0480
0.9261	-0.0276
0.7629	-0.0403
0.9337	-0.0149
0.7629	-0.0378
0.9286	-0.0200
0.7578	-0.0480
0.9363	-0.0149
0.7654	-0.0327
0.9286	-0.0276
0.7654	-0.0403
0.9363	-0.0149
0.7680	-0.0327
0.9363	-0.0200
0.7629	-0.0403
0.9261	-0.0276
0.7603	-0.0480
0.9235	-0.0276
0.7731	-0.0403
0.9286	-0.0225
0.7629	-0.0403
0.9261	-0.0302
0.7603	-0.0480
0.9337	-0.0149
0.7552	-0.0454
0.9261	-0.0225
0.7705	-0.0352
0.9286	-0.0225
0.7578	-0.0480
0.9286	-0.0225
0.7731	-0.0352
0.9235	-0.0302
0.7603	-0.0454
0.9363	-0.0149
0.7629	-0.0454
0.9235	-0.0276
0.7654	-0.0403
0.9235	-0.0200
0.7680	-0.0403
0.9235	-0.0225
0.7654	-0.0403
0.9312	-0.0174
0.7705	-0.0352
0.9286	-0.0225
0.7552	-0.0454
0.9235	-0.0276
0.7654	-0.0403
0.9363	-0.0174
0.7654	-0.0403
0.9286	-0.0200
0.7680	-0.0327
0.9388	-0.0174
0.7552	-0.0480
0.9286	-0.0200
0.7629	-0.0429
0.9235	-0.0200
0.7654	-0.0403
0.9235	-0.0225
0.7629	-0.0327
0.9235	-0.0276
0.7654	-0.0403
0.9363	-0.0149
0.7705	-0.0403
0.9286	-0.0225
0.7654	-0.0429
0.9312	-0.0123
0.7603	-0.0454
0.9261	-0.0200
0.7731	-0.0327
0.9210	-0.0276
0.7654	-0.0352
0.9363	-0.0123
0.7654	-0.0327
0.9363	-0.0225
0.7654	-0.0403
0.9261	-0.0149
0.7731	-0.0327
0.9210	-0.0276
0.7680	-0.0327
0.9312	-0.0200
0.7680	-0.0327
0.9388	-0.0200
0.7654	-0.0429
0.9286	-0.0276
0.7629	-0.0454
0.9286	-0.0174
0.7731	-0.0327
0.9261	-0.0200
0.7654	-0.0352
0.9286	-0.0276
0.7629	-0.0403
0.9312	-0.0276
0.7629	-0.0403
0.9286	-0.0200
0.7705	-0.0403
0.9286	-0.0200
0.7578	-0.0454
0.9286	-0.0225
0.7603	-0.0454
0.9312	-0.0149
0.7603	-0.0429
0.9261	-0.0225
0.7654	-0.0403
0.9286	-0.0200
0.7654	-0.0403
0.9363	-0.0200
0.7654	-0.0403
0.9363	-0.0149
0.7731	-0.0327
0.9286	-0.0200
0.7603	-0.0454
0.9286	-0.0225
0.7654	-0.0378
0.9363	-0.0149
0.7654	-0.0403
0.9261	-0.0200
0.7603	-0.0480
0.9184	-0.0200
0.7731	-0.0327
0.9261	-0.0225
0.7552	-0.0480
0.9337	-0.0149
0.7654	-0.0403
0.9337	-0.0225
0.7680	-0.0327
0.9286	-0.0276
0.7654	-0.0429
0.9261	-0.0149
0.7731	-0.0327
0.9261	-0.0200
0.7603	-0.0429
0.9261	-0.0225
0.7603	-0.0454
0.9286	-0.0200
0.7705	-0.0327
0.9261	-0.0200
0.7654	-0.0403
0.9235	-0.0200
0.7654	-0.0352
0.9312	-0.0149
0.7654	-0.0327
0.9261	-0.0200
0.7705	-0.0378
0.9261	-0.0225
0.7705	-0.0327
0.9210	-0.0276
0.7654	-0.0378
0.9286	-0.0225
0.7654	-0.0403
0.9286	-0.0276
0.7603	-0.0480
0.9286	-0.0200
0.7603	-0.0429
0.9286	-0.0276
0.7731	-0.0327
0.9184	-0.0276
0.7654	-0.0403
0.9210	-0.0200
0.7654	-0.0454
0.9235	-0.0200
0.7578	-0.0454
0.9312	-0.0149
0.7603	-0.0352
0.9286	-0.0200
0.7578	-0.0429
0.9286	-0.0200
0.7654	-0.0378
0.9312	-0.0149
0.7654	-0.0378
0.9312	-0.0149
0.7731	-0.0302
0.9184	-0.0225
0.7603	-0.0429
0.9261	-0.0302
0.7705	-0.0403
0.9261	-0.0200
0.7654	-0.0403
0.9210	-0.0276
0.7654	-0.0403
0.9261	-0.0225
0.7731	-0.0302
0.9261	-0.0302
0.7629	-0.0429
0.9286	-0.0149
0.7731	-0.0327
0.9210	-0.0276
0.7603	-0.0454
0.9312	-0.0149
0.7654	-0.0403
0.9261	-0.0225
0.7731	-0.0327
0.9261	-0.0251
0.7654	-0.0403
0.9286	-0.0200
0.7603	-0.0403
0.9286	-0.0200
0.7654	-0.0403
0.9261	-0.0149
0.7654	-0.0327
0.9261	-0.0200
0.7654	-0.0403
0.9363	-0.0200
0.7731	-0.0403
0.9286	-0.0200
0.7654	-0.0429
0.9184	-0.0276
0.7654	-0.0403
0.9337	-0.0149
0.7654	-0.0480
0.9261	-0.0225
0.7654	-0.0403
0.9184	-0.0276
0.7731	-0.0327
0.9261	-0.0225
0.7654	-0.0454
0.9261	-0.0200
0.7654	-0.0403
0.9312	-0.0200
0.7603	-0.0429
0.9261	-0.0200
0.7654	-0.0403
0.9312	-0.0149
0.7731	-0.0327
0.9286	-0.0200
0.7731	-0.0327
0.9184	-0.0200
0.7654	-0.0378
0.9261	-0.0200
0.7629	-0.0378
0.9261	-0.0200
0.7654	-0.0403
0.9261	-0.0200
0.7654	-0.0378
0.9184	-0.0276
0.7654	-0.0378
0.9312	-0.0149
0.7654	-0.0403
0.9312	-0.0174
0.7603	-0.0480
0.9184	-0.0276
0.7654	-0.0352
0.9261	-0.0225
0.7654	-0.0429
0.9286	-0.0200
0.7654	-0.0403
0.9286	-0.0200
0.7731	-0.0327
0.9312	-0.0225
0.7603	-0.0454
0.9184	-0.0276
0.7731	-0.0327
0.9235	-0.0276
0.7654	-0.0403
0.9261	-0.0200
0.7731	-0.0327
0.9210	-0.0251
0.7654	-0.0327
0.9312	-0.0123
0.7731	-0.0327
0.9312	-0.0149
0.7705	-0.0378
0.9286	-0.0149
0.7731	-0.0327
0.9261	-0.0200
0.7603	-0.0429
0.9184	-0.0276
0.7603	-0.0403
0.9184	-0.0302
0.7654	-0.0403
0.9210	-0.0225
0.7756	-0.0327
0.9184	-0.0302
0.7654	-0.0480
0.9261	-0.0200
0.7603	-0.0429
0.9261	-0.0200
0.7603	-0.0480
0.9184	-0.0276
0.7680	-0.0480
0.9261	-0.0200
0.7629	-0.0454
0.9261	-0.0200
0.7629	-0.0429
0.9184	-0.0276
0.7654	-0.0403
0.9210	-0.0276
0.7629	-0.0480
0.9184	-0.0276
0.7654	-0.0403
0.9312	-0.0149
0.7654	-0.0403
0.9286	-0.0225
0.7654	-0.0403
0.9261	-0.0200
0.7731	-0.0327
0.9286	-0.0200
0.7654	-0.0403
0.9363	-0.0149
0.7603	-0.0480
0.9235	-0.0225
0.7654	-0.0429
0.9286	-0.0149
0.7654	-0.0403
0.9286	-0.0174
0.7654	-0.0378
0.9363	-0.0149
0.7603	-0.0454
0.9363	-0.0200
0.7578	-0.0403
0.9261	-0.0200
0.7654	-0.0403
0.9235	-0.0200
0.7680	-0.0403
0.9286	-0.0225
0.7705	-0.0454
0.9286	-0.0149
0.7603	-0.0480
0.9261	-0.0149
0.7680	-0.0454
0.9210	-0.0200
0.7680	-0.0327
0.9261	-0.0200
0.7629	-0.0480
0.9286	-0.0149
0.7680	-0.0403
0.9261	-0.0200
0.7731	-0.0327
0.9235	-0.0302
0.7654	-0.0403
0.9184	-0.0200
0.7731	-0.0327
0.9286	-0.0149
0.7654	-0.0378
0.9261	-0.0200
0.7731	-0.0302
0.9235	-0.0200
0.7731	-0.0327
0.9261	-0.0225
0.7654	-0.0429
0.9261	-0.0200
0.7731	-0.0327
0.9184	-0.0225
0.7680	-0.0378
0.9312	-0.0149
0.7654	-0.0403
0.9261	-0.0200
0.7654	-0.0403
0.9312	-0.0149
0.7654	-0.0403
0.9261	-0.0200
0.7654	-0.0378
0.9261	-0.0200
0.7654	-0.0378
0.9286	-0.0123
0.7680	-0.0429
0.9235	-0.0200
0.7629	-0.0480
0.9235	-0.0200
0.7654	-0.0378
0.9261	-0.0225
0.7629	-0.0429
0.9261	-0.0123
0.7731	-0.0327
0.9261	-0.0200
0.7731	-0.0403
0.9184	-0.0225
0.7629	-0.0429
0.9235	-0.0276
0.7654	-0.0403
0.9286	-0.0200
0.7654	-0.0327
0.9261	-0.0149
0.7680	-0.0429
0.9235	-0.0200
0.7654	-0.0378
0.9235	-0.0200
0.7654	-0.0403
0.9261	-0.0225
0.7629	-0.0454
0.9184	-0.0276
0.7680	-0.0327
0.9235	-0.0200
0.7654	-0.0378
0.9261	-0.0225
0.7654	-0.0403
0.9261	-0.0200
0.7654	-0.0429
0.9184	-0.0276
0.7680	-0.0378
0.9261	-0.0200
0.7603	-0.0454
0.9312	-0.0149
0.7731	-0.0403
0.9286	-0.0123
0.7731	-0.0327
0.9184	-0.0225
0.7654	-0.0403
0.9261	-0.0225
0.7603	-0.0429
0.9312	-0.0149
0.7654	-0.0327
0.9261	-0.0200
0.7654	-0.0403
0.9261	-0.0225
0.7731	-0.0327
0.9312	-0.0149
0.7680	-0.0403
0.9261	-0.0276
0.7654	-0.0454
0.9312	-0.0149
0.7654	-0.0403
0.9261	-0.0200
0.7654	-0.0327
0.9184	-0.0302
0.7680	-0.0403
0.9261	-0.0225
0.7603	-0.0480
0.9261	-0.0225
0.7731	-0.0403
0.9184	-0.0200
0.7731	-0.0378
0.9210	-0.0251
0.7756	-0.0327
0.9210	-0.0225
0.7705	-0.0352
0.9184	-0.0276
0.7680	-0.0429
0.9286	-0.0149
0.7629	-0.0378
0.9261	-0.0200
0.7654	-0.0403
0.9286	-0.0149
0.7756	-0.0378
0.9235	-0.0200
0.7654	-0.0480
0.9210	-0.0200
0.7680	-0.0403
0.9286	-0.0149
0.7680	-0.0403
0.9286	-0.0174
0.7629	-0.0378
0.9184	-0.0276
0.7629	-0.0454
0.9184	-0.0302
0.7680	-0.0403
0.9261	-0.0225
0.7731	-0.0352
0.9261	-0.0200
0.7603	-0.0454
0.9261	-0.0200
0.7629	-0.0454
0.9312	-0.0149
0.7731	-0.0327
0.9235	-0.0225
0.7629	-0.0429
0.9286	-0.0149
0.7731	-0.0302
0.9235	-0.0225
0.7629	-0.0403
0.9312	-0.0200
0.7731	-0.0327
0.9312	-0.0200
0.7654	-0.0454
0.9184	-0.0276
0.7731	-0.0327
0.9286	-0.0149
0.7731	-0.0327
0.9286	-0.0225
0.7680	-0.0352
0.9286	-0.0200
0.7756	-0.0352
0.9235	-0.0149
0.7629	-0.0403
0.9235	-0.0200
0.7756	-0.0327
0.9286	-0.0200
0.7629	-0.0454
0.9261	-0.0149
0.7756	-0.0327
0.9210	-0.0149
0.7629	-0.0429
0.9235	-0.0149
0.7654	-0.0429
0.9159	-0.0302
0.7680	-0.0403
0.9184	-0.0276
0.7654	-0.0378
0.9235	-0.0302
0.7629	-0.0454
0.9286	-0.0149
0.7680	-0.0403
0.9235	-0.0276
0.7629	-0.0429
0.9261	-0.0225
0.7629	-0.0403
0.9286	-0.0149
0.7654	-0.0327
0.9286	-0.0200
0.7680	-0.0403
0.9286	-0.0149
0.7756	-0.0327
0.9184	-0.0302
0.7629	-0.0429
0.9261	-0.0200
0.7654	-0.0454
0.9286	-0.0200
0.7756	-0.0403
0.9286	-0.0149
0.7680	-0.0378
0.9235	-0.0149
0.7731	-0.0327
0.9261	-0.0200
0.7731	-0.0403
0.9184	-0.0200
0.7654	-0.0480
0.9235	-0.0200
0.7680	-0.0378
0.9261	-0.0225
0.7705	-0.0327
0.9235	-0.0200
0.7680	-0.0352
0.9286	-0.0225
0.7756	-0.0327
0.9286	-0.0200
0.7654	-0.0429
0.9286	-0.0149
0.7680	-0.0403
0.9286	-0.0200
0.7629	-0.0403
0.9286	-0.0149
0.7654	-0.0429
0.9159	-0.0276
0.7680	-0.0403
0.9261	-0.0200
0.7680	-0.0327
0.9286	-0.0149
0.7731	-0.0302
0.9286	-0.0149
0.7680	-0.0403
0.9159	-0.0276
0.7756	-0.0327
0.9184	-0.0200
0.7654	-0.0429
0.9261	-0.0149
0.7731	-0.0327
0.9286	-0.0200
0.7603	-0.0429
0.9235	-0.0200
0.7731	-0.0327
0.9210	-0.0225
0.7680	-0.0480
0.9159	-0.0276
0.7731	-0.0352
0.9312	-0.0149
0.7629	-0.0429
0.9235	-0.0200
0.7731	-0.0327
0.9159	-0.0276
0.7756	-0.0429
0.9184	-0.0276
0.7680	-0.0378
0.9312	-0.0149
0.7629	-0.0429
0.9286	-0.0123
0.7705	-0.0378
0.9235	-0.0251
0.7680	-0.0403
0.9210	-0.0149
0.7705	-0.0378
0.9159	-0.0276
0.7680	-0.0403
0.9159	-0.0276
0.7654	-0.0378
0.9235	-0.0200
0.7680	-0.0403
0.9184	-0.0276
0.7629	-0.0454
0.9159	-0.0276
0.7680	-0.0403
0.9159	-0.0276
0.7731	-0.0327
0.9261	-0.0174
0.7654	-0.0403
0.9286	-0.0149
0.7705	-0.0352
0.9235	-0.0200
0.7629	-0.0403
0.9235	-0.0149
0.7705	-0.0403
0.9286	-0.0149
0.7705	-0.0403
0.9235	-0.0225
0.7654	-0.0454
0.9184	-0.0200
0.7680	-0.0403
0.9184	-0.0276
0.7654	-0.0378
0.9286	-0.0123
0.7731	-0.0327
0.9312	-0.0149
0.7680	-0.0454
0.9235	-0.0123
0.7654	-0.0403
0.9286	-0.0098
0.7756	-0.0378
0.9235	-0.0225
0.7680	-0.0403
0.9312	-0.0200
0.7603	-0.0429
0.9159	-0.0251
0.7731	-0.0327
0.9286	-0.0149
0.7731	-0.0327
0.9184	-0.0302
0.7680	-0.0403
0.9286	-0.0200
0.7629	-0.0403
0.9184	-0.0200
0.7654	-0.0429
0.9210	-0.0200
0.7680	-0.0403
0.9210	-0.0200
0.7629	-0.0429
0.9235	-0.0200
0.7629	-0.0403
0.9235	-0.0225
0.7756	-0.0327
0.9235	-0.0200
0.7654	-0.0378
0.9159	-0.0276
0.7654	-0.0480
0.9159	-0.0200
0.7756	-0.0378
0.9286	-0.0123
0.7680	-0.0327
0.9261	-0.0200
0.7731	-0.0327
0.9210	-0.0200
0.7680	-0.0403
0.9286	-0.0149
0.7629	-0.0454
0.9235	-0.0200
0.7629	-0.0352
0.9261	-0.0200
0.7731	-0.0327
0.9312	-0.0149
0.7654	-0.0403
0.9235	-0.0225
0.7629	-0.0429
0.9184	-0.0276
0.7680	-0.0403
0.9235	-0.0200
0.7756	-0.0327
0.9286	-0.0149
0.7629	-0.0454
0.9235	-0.0200
0.7731	-0.0327
