0.2452	0.2554
-0.0021	-0.0123
-0.0429	-0.2265
-0.1245	-0.4712
0.7731	0.1024
1.2958	0.1330
1.2142	-0.1857
1.0077	-0.2953
-0.3973	0.3064
0.3039	0.0489
0.1611	-0.2800
1.4871	-0.2112
1.2040	-0.4075
-0.3999	0.2732
-0.0327	0.2120
-0.2188	-0.0505
-0.1806	-0.3284
-0.5095	-0.0735
0.5206	-0.0684
1.3290	0.1279
1.2372	-0.1321
1.1913	-0.3463
-0.0199	0.2860
-0.2443	0.0310
-0.2392	-0.2723
-0.4101	-0.3692
1.2652	0.2146
1.1887	-0.0811
1.0714	-0.2876
-0.2520	0.3472
-0.3132	0.1305
-0.3744	-0.2061
-0.4738	-0.2341
1.1224	-0.4177
-0.5809	-0.0582
1.1250	0.2299
1.1199	-0.0633
0.9286	-0.2188
-0.1092	0.3523
-0.2902	0.0871
-0.3412	-0.2239
-0.4228	-0.3412
1.4335	0.1509
1.3366	0.0183
1.3060	-0.1806
1.3366	-0.3463
0.8164	-0.2239
-0.2596	0.3778
-0.1321	0.2095
-0.3132	-0.0607
-0.2647	-0.3361
-0.4509	0.1356
-0.4101	0.1356
-0.4585	-0.1092
-0.4840	0.0132
-0.4177	0.1713
-0.4509	-0.0403
-0.4891	-0.1423
-0.1602	0.2656
-0.3438	-0.0378
-0.3055	-0.3361
-0.2571	0.2579
-0.3973	-0.0327
-0.3846	-0.3259
0.5206	-0.0607
1.4386	0.0387
1.3647	-0.0098
1.3392	-0.1500
1.3774	-0.2570
1.3162	-0.3794
0.4110	0.0387
0.1534	-0.4075
0.5206	0.1534
0.2580	-0.3310
0.5997	0.1101
0.0311	-0.5196
-0.0607	0.4415
-0.0148	0.1560
-0.1933	-0.0709
-0.1525	-0.3055
-0.3693	-0.4483
1.0408	0.1483
1.0026	-0.1015
0.6124	-0.0251
1.0306	0.0361
0.8980	-0.1525
0.1917	0.2324
-0.0225	-0.0327
-0.0837	-0.2163
-0.0760	-0.4330
1.0153	0.0999
0.9490	-0.1245
0.2656	0.1942
0.0617	-0.0684
0.0311	-0.2978
-0.3616	0.2350
-0.4407	0.0208
-0.4509	-0.1984
-0.2571	0.2554
-0.3973	-0.0454
-0.3897	-0.3284
0.5563	-0.0658
1.0867	0.0591
0.9465	-0.1755
0.0413	0.3064
-0.2035	0.0667
-0.2545	-0.2137
-0.2341	-0.4279
1.1836	0.1891
1.1122	-0.1321
0.7221	-0.1245
0.3625	0.1891
0.1509	-0.1347
0.0107	-0.4585
0.6303	0.1330
0.0183	-0.5222
-0.0403	0.4619
0.0311	0.1662
-0.1551	-0.0149
-0.1627	-0.2265
-0.1423	-0.4075
1.2882	0.2120
1.1913	-0.0480
1.1683	-0.2876
0.2911	0.1483
0.0922	-0.1321
0.0260	-0.3820
1.0000	0.1126
0.9388	-0.1194
0.3880	0.1279
0.1840	-0.2774
1.4641	-0.2265
1.2040	-0.4024
-0.2392	0.2732
-0.3412	0.0234
-0.4152	-0.2596
-0.5248	-0.1551
0.5869	-0.0939
0.8521	0.0055
0.7042	-0.0123
0.8266	-0.0225
0.6507	-0.0047
1.0918	0.0693
0.9924	-0.2086
0.2095	0.2146
0.0030	-0.0225
-0.0429	-0.1984
-0.1041	-0.4304
1.0510	0.1458
1.0000	-0.1245
0.5002	0.0310
-0.0429	-0.5069
0.2146	0.3497
-0.0148	0.0718
-0.1143	-0.1296
-0.0735	-0.3412
-0.2341	0.2783
-0.3948	-0.0123
-0.3948	-0.3131
-0.1857	0.2681
-0.3591	-0.0098
-0.3361	-0.3157
-0.3591	0.2426
-0.4611	-0.0072
-0.4764	-0.2035
-0.0429	0.2350
-0.2724	-0.0352
-0.2290	-0.2825
-0.4101	-0.3998
1.1658	0.1789
1.1224	-0.1194
0.7756	-0.1933
0.1458	0.2732
-0.1143	0.0259
-0.1576	-0.2137
-0.1066	-0.4406
0.9924	0.0846
0.9184	-0.1117
0.2529	0.2069
0.0209	-0.0582
0.0209	-0.2800
-0.5223	-0.1525
1.4029	-0.4100
-0.3897	0.2732
-0.2953	0.2044
-0.3820	-0.1627
-0.4611	-0.2774
1.4386	-0.3463
0.0183	0.2707
-0.2214	0.0106
-0.2061	-0.2927
-0.3795	-0.4151
1.0714	0.1432
1.0383	-0.1500
0.3778	0.1152
0.1942	-0.2519
0.4212	-0.0021
0.1126	-0.4865
-0.0837	0.4644
-0.0913	0.1967
-0.2520	-0.1015
-0.1729	-0.3794
1.4616	-0.2927
0.4467	0.0412
0.1330	-0.4559
-0.0021	0.4389
-0.1653	0.1713
-0.2877	-0.1704
-0.2265	-0.4228
1.2270	0.1687
1.1530	-0.1576
0.7017	-0.0964
0.4747	0.1330
0.2427	-0.3335
0.6736	0.0795
0.4365	0.0106
0.0387	-0.5043
0.0132	0.4338
-0.1347	0.1611
-0.2545	-0.1347
-0.1908	-0.3998
1.3621	0.1840
1.2576	-0.0684
1.2346	-0.3335
0.2146	0.1942
-0.0021	-0.0633
0.0081	-0.2800
-0.5044	-0.1143
1.2346	-0.4559
-0.5682	-0.1168
1.1071	0.2044
1.0969	-0.0888
0.6864	-0.0837
0.6379	0.0616
0.6175	-0.1066
0.7017	0.0310
1.1097	0.0259
0.9490	-0.1984
-0.1729	0.3625
-0.3132	0.1075
-0.3489	-0.2469
-0.4866	-0.0505
0.0336	0.2120
-0.1755	-0.0352
-0.1423	-0.2953
-0.4254	-0.3820
1.1275	0.1764
1.0689	-0.1474
0.4008	0.0999
0.2095	-0.3157
0.9184	0.0387
0.7654	-0.0582
0.5716	0.0693
-0.2188	-0.5247
0.3370	0.2962
0.0922	-0.0200
0.0540	-0.2418
-0.3693	-0.4457
0.8878	0.1152
1.0408	-0.0505
0.6048	-0.0123
1.2448	0.1279
1.1683	-0.2290
0.4467	0.0540
0.1407	-0.4406
0.1075	0.3905
-0.1270	0.1126
-0.2163	-0.1831
-0.1525	-0.4279
1.0944	0.1305
1.0077	-0.1627
0.1024	0.2860
-0.1500	0.0106
-0.1653	-0.2519
-0.2469	-0.4636
0.8802	0.0999
1.0000	-0.0709
0.4747	0.0744
0.1713	-0.4381
0.0336	0.4185
-0.1551	0.1356
-0.2622	-0.1755
-0.2061	-0.4330
1.1607	0.1534
1.0740	-0.1857
0.3217	0.1483
0.1305	-0.1729
-0.0582	-0.4992
0.3804	0.2656
0.1381	-0.0658
0.0922	-0.3361
1.2219	0.1432
1.1505	-0.2010
0.5079	0.0106
-0.3463	-0.4712
0.7323	0.1458
-0.5070	-0.1525
1.5100	0.0106
1.4539	-0.2698
1.1454	-0.3947
-0.5095	0.1509
1.5075	-0.2851
0.0668	0.2375
-0.1653	-0.0200
-0.1449	-0.2927
-0.3795	-0.3998
1.0663	0.1534
1.0153	-0.1321
0.2580	0.2095
0.0311	-0.0658
0.0260	-0.3131
0.2733	0.1101
0.1152	-0.1780
-0.0709	-0.5094
0.3778	0.2656
0.1305	-0.0709
0.0999	-0.3284
1.1454	0.1126
1.0612	-0.1933
0.1152	0.2554
-0.1270	0.0132
-0.1423	-0.2494
-0.2239	-0.4814
0.8419	0.0999
1.0714	-0.0225
0.7833	-0.1117
0.2401	0.2554
-0.0148	-0.0123
-0.0454	-0.2367
-0.1602	-0.4916
0.6558	0.1432
-0.0454	-0.5553
-0.1984	0.4925
0.4467	-0.0403
-0.4101	-0.4177
0.8776	0.1279
1.0918	-0.0200
0.8266	-0.1551
-0.0046	0.3421
-0.2418	0.0616
-0.2647	-0.2570
-0.3973	-0.3947
1.1734	0.1840
1.1097	-0.1525
0.5614	-0.0149
1.4896	-0.2443
1.0204	-0.3361
-0.5503	0.0667
1.2933	0.2707
1.2117	-0.0403
1.1556	-0.3157
-0.1347	0.3166
-0.3081	0.0310
-0.3157	-0.3055
-0.1321	0.2554
-0.3106	-0.0505
-0.2571	-0.3565
1.1811	-0.4355
-0.5605	-0.0684
1.1709	0.2324
1.1326	-0.0888
0.8343	-0.1678
-0.1092	0.3752
-0.2724	0.1126
-0.3157	-0.2494
-0.4662	-0.2519
1.5075	-0.1398
1.1148	-0.3769
-0.5401	0.0795
1.4182	0.2273
1.3443	0.0412
1.3111	-0.2112
1.2754	-0.3743
-0.0072	0.2834
-0.2367	-0.0021
-0.2163	-0.3080
-0.4840	0.0208
-0.1729	0.2554
-0.3412	-0.0913
-0.2877	-0.3769
1.4871	-0.0378
1.4412	-0.2214
1.3800	-0.3488
0.4900	0.0132
-0.3285	-0.4890
0.6787	0.1509
-0.0811	-0.5451
-0.0709	0.4695
0.0183	0.1738
-0.1653	-0.0760
-0.1041	-0.3106
-0.4764	0.0922
-0.2953	0.2248
-0.3973	-0.1270
-0.4356	-0.3080
1.4794	-0.2570
0.5181	-0.0251
0.5971	-0.0862
0.8215	-0.0021
0.7170	0.0004
0.8878	-0.0302
0.5283	0.0693
0.0311	-0.5043
-0.0760	0.4568
-0.0429	0.1815
-0.2086	-0.0786
-0.1500	-0.3514
0.2350	0.1432
0.0591	-0.1168
0.0540	-0.3718
1.0408	0.0897
0.9184	-0.1398
0.0668	0.3140
-0.1831	0.0514
-0.2061	-0.2519
-0.2877	-0.4585
0.9592	0.1152
0.9363	-0.1117
0.2758	0.1942
0.0489	-0.0811
0.0489	-0.3157
1.4896	-0.1908
1.1913	-0.4075
-0.4891	0.1840
1.0536	-0.4100
-0.5682	-0.2774
0.6838	0.1993
0.2044	-0.4763
-0.4509	0.4389
1.4157	0.2630
1.3927	0.0616
1.3162	-0.1500
1.3519	-0.3233
0.8521	-0.2239
-0.3769	0.3523
0.4263	-0.0225
-0.1347	-0.5375
0.1738	0.3778
-0.0531	0.1075
-0.1576	-0.1500
-0.0939	-0.3947
1.2448	0.1764
1.1709	-0.1704
0.7272	-0.1092
0.3243	0.2248
0.1024	-0.0888
0.0744	-0.3565
1.0255	0.0744
0.8776	-0.1219
0.1075	0.2962
-0.1525	0.0259
-0.1729	-0.2392
-0.2265	-0.4686
0.8929	0.0922
0.9541	-0.0760
0.3778	0.1407
0.1866	-0.2316
0.6379	-0.1296
0.5640	0.0871
-0.0327	-0.5247
-0.0709	0.4797
0.0107	0.1611
-0.1551	-0.0709
-0.1117	-0.3259
-0.4534	0.1330
-0.3922	0.1534
-0.4407	-0.1423
-0.4764	0.0489
-0.4177	0.1432
-0.4560	-0.1092
-0.4687	0.0463
-0.4432	0.1101
-0.4687	-0.0760
-0.4560	0.0999
-0.4764	-0.0072
-0.4713	0.0106
-0.4560	0.0922
-0.4687	-0.0403
-0.4611	0.0693
-0.4611	0.0412
-0.4738	-0.0047
-0.4611	0.0795
-0.4789	-0.0123
-0.4764	0.0489
-0.4815	0.0412
-0.4891	-0.0021
-0.4662	0.0667
-0.4764	0.0106
-0.4789	0.0387
-0.4764	0.0387
-0.4891	0.0081
-0.4687	0.0514
-0.4815	0.0183
-0.4789	0.0336
-0.4789	0.0412
-0.4764	0.0285
-0.4789	0.0489
-0.4815	0.0234
-0.4891	0.0336
-0.4815	0.0387
-0.4840	0.0259
-0.4840	0.0387
-0.4917	0.0234
-0.4815	0.0387
-0.4789	0.0336
-0.4917	0.0208
-0.4840	0.0310
-0.4891	0.0259
-0.4840	0.0336
-0.4815	0.0336
-0.4840	0.0361
-0.4789	0.0412
-0.4917	0.0259
-0.4917	0.0285
-0.4840	0.0310
-0.4789	0.0361
-0.4866	0.0310
-0.4789	0.0412
-0.4866	0.0310
-0.4866	0.0336
-0.4815	0.0387
-0.4942	0.0285
-0.4815	0.0387
-0.4942	0.0285
-0.4815	0.0412
-0.4789	0.0336
-0.4891	0.0259
-0.4917	0.0259
-0.4917	0.0285
-0.4891	0.0412
-0.4891	0.0310
-0.4917	0.0310
-0.4891	0.0412
-0.4968	0.0285
-0.4891	0.0336
-0.4917	0.0285
-0.4840	0.0336
-0.4917	0.0412
-0.4891	0.0310
-0.4840	0.0438
-0.4968	0.0310
-0.4917	0.0336
-0.4917	0.0310
-0.4917	0.0310
-0.4968	0.0310
-0.4866	0.0387
-0.4840	0.0412
-0.4968	0.0285
-0.4917	0.0336
-0.4917	0.0285
-0.4891	0.0387
-0.4917	0.0438
-0.4993	0.0259
-0.4866	0.0336
-0.4917	0.0336
-0.4993	0.0310
-0.4840	0.0412
-0.4891	0.0234
-0.4866	0.0387
-0.4993	0.0234
-0.4917	0.0310
-0.4917	0.0285
-0.4968	0.0336
-0.4840	0.0463
-0.4993	0.0259
-0.4968	0.0412
-0.4891	0.0310
-0.4968	0.0310
-0.4993	0.0336
-0.4968	0.0310
-0.5019	0.0336
-0.4968	0.0310
-0.4968	0.0285
-0.4993	0.0387
-0.4993	0.0234
-0.5019	0.0310
-0.4993	0.0055
-0.4993	0.0361
-0.5044	0.0336
-0.5095	0.0106
-0.4968	0.0310
-0.4891	0.0667
-0.5095	0.0081
-0.5019	0.0438
-0.4891	0.0387
-0.5019	0.0208
-0.4942	0.0616
-0.5019	0.0208
-0.4968	0.0387
-0.4993	0.0336
-0.5019	0.0183
-0.4968	0.0463
-0.4968	0.0310
-0.4993	0.0387
-0.5070	0.0336
-0.5019	0.0259
-0.4917	0.0412
-0.5044	0.0259
-0.4968	0.0387
-0.4993	0.0387
-0.5070	0.0259
-0.4993	0.0310
-0.5070	0.0310
-0.5070	0.0285
-0.5070	0.0387
-0.4993	0.0310
-0.5095	0.0234
-0.4993	0.0438
-0.4993	0.0183
-0.4993	0.0438
-0.5019	0.0081
-0.4917	0.0438
-0.4942	0.0106
-0.4917	0.0310
-0.4891	0.0489
-0.5019	0.0004
-0.5019	0.0540
-0.4993	-0.0021
-0.4942	0.0412
-0.5044	0.0183
-0.5044	0.0183
-0.4968	0.0412
-0.5070	0.0106
-0.4917	0.0540
-0.4993	0.0259
-0.4993	0.0310
-0.4942	0.0489
-0.5019	0.0183
-0.4917	0.0540
-0.5019	0.0310
-0.5019	0.0438
-0.5044	0.0387
-0.5019	0.0208
-0.4993	0.0489
-0.4968	0.0234
-0.4993	0.0336
-0.4993	0.0412
-0.5019	0.0183
-0.4993	0.0616
-0.5044	0.0259
-0.5070	0.0387
-0.4993	0.0463
-0.4993	0.0310
-0.4891	0.0565
-0.4993	0.0208
-0.5095	0.0514
-0.4968	0.0489
-0.4993	0.0157
-0.4891	0.0693
-0.5070	-0.0021
-0.4993	0.0540
-0.4968	0.0438
-0.5070	0.0106
-0.4968	0.0642
-0.5044	0.0106
-0.4968	0.0514
-0.4993	0.0514
-0.5121	0.0106
-0.5070	0.0591
-0.5044	0.0234
-0.4993	0.0336
-0.4993	0.0642
-0.5019	0.0106
-0.4993	0.0718
-0.5095	0.0183
-0.5095	0.0361
-0.5044	0.0514
-0.5019	0.0132
-0.4993	0.0591
-0.4993	0.0336
-0.5070	0.0463
-0.5019	0.0514
-0.5019	0.0183
-0.5095	0.0412
-0.4993	0.0310
-0.4993	0.0285
-0.4968	0.0616
-0.5070	0.0183
-0.5070	0.0387
-0.4968	0.0387
-0.5121	0.0285
-0.4968	0.0616
-0.5121	0.0310
-0.5095	0.0310
-0.5019	0.0616
-0.5121	0.0259
-0.5121	0.0514
-0.5044	0.0412
-0.4993	0.0361
-0.5019	0.0489
-0.5019	0.0285
-0.5044	0.0463
-0.5044	0.0336
-0.5121	0.0259
-0.4993	0.0489
-0.5070	0.0132
-0.5019	0.0361
-0.4968	0.0361
-0.4993	0.0336
-0.5044	0.0336
-0.5121	0.0132
-0.5019	0.0387
-0.4993	0.0259
-0.5121	0.0285
-0.4968	0.0540
-0.5070	0.0055
-0.5019	0.0387
-0.5044	0.0285
-0.5044	0.0285
-0.5019	0.0463
-0.5095	0.0208
-0.5121	0.0361
-0.5070	0.0310
-0.4993	0.0412
-0.5121	0.0387
-0.4993	0.0412
-0.5070	0.0387
-0.5019	0.0336
-0.5095	0.0336
-0.5044	0.0310
-0.5019	0.0336
-0.5070	-0.0149
-0.4993	0.0310
-0.5044	0.0259
-0.5070	0.0208
-0.5019	0.0616
-0.5095	-0.0072
-0.5044	0.0642
-0.5121	0.0387
-0.5121	0.0234
-0.5019	0.0693
-0.5095	0.0132
-0.4993	0.0514
-0.5121	0.0387
-0.5121	0.0310
-0.5121	0.0463
-0.5121	0.0336
-0.5146	0.0004
-0.4917	0.0795
-0.5121	-0.0200
-0.4993	0.0616
-0.5019	0.0438
-0.5197	-0.0098
-0.4840	0.0871
-0.5070	-0.0556
-0.5070	0.0438
-0.4993	0.0387
-0.5172	-0.0149
-0.4993	0.0667
-0.5146	0.0183
-0.5248	-0.0098
-0.4993	0.1024
-0.5095	-0.0302
-0.5019	0.0846
-0.5121	0.0030
-0.5019	0.0616
-0.5121	0.0285
-0.5223	0.0310
-0.4993	0.0795
-0.5146	0.0055
-0.5095	0.0540
-0.5121	0.0310
-0.5095	0.0361
-0.4993	0.0489
-0.5095	0.0055
-0.4993	0.0693
-0.5095	0.0106
-0.5197	0.0157
-0.4866	0.1126
-0.5172	-0.0607
-0.5146	0.0616
-0.5095	0.0591
-0.5197	0.0081
-0.5070	0.0642
-0.5223	-0.0302
-0.4917	0.0999
-0.5121	-0.0276
-0.5019	0.0744
-0.4993	0.0310
-0.5095	0.0004
-0.4840	0.1228
-0.5248	-0.0531
-0.4891	0.1024
-0.5172	-0.0200
-0.5095	0.0489
-0.4917	0.0591
-0.5172	-0.0607
-0.4968	0.0667
-0.5197	-0.0276
-0.5121	0.0132
-0.5019	0.0438
-0.5172	-0.0225
-0.4993	0.0565
-0.5095	0.0004
-0.5044	0.0157
-0.4993	0.0489
-0.5095	-0.0047
-0.5172	0.0208
-0.5019	0.0132
-0.5095	0.0004
-0.5121	0.0208
-0.5121	-0.0021
-0.4993	0.0285
-0.5044	0.0208
-0.5095	0.0132
-0.4993	0.0412
-0.5121	0.0106
-0.5019	0.0616
-0.5197	0.0055
-0.5146	0.0412
-0.5172	0.0361
-0.5070	0.0336
-0.5121	0.0514
-0.5172	0.0055
-0.5070	0.0540
-0.5095	-0.0098
-0.5044	0.0514
-0.5044	0.0030
-0.5095	0.0208
-0.5146	0.0106
-0.4968	0.0642
-0.5197	-0.0200
-0.5019	0.0795
-0.5172	-0.0149
-0.5044	0.0463
-0.5172	0.0055
-0.5172	-0.0021
-0.5019	0.0438
-0.5070	-0.0021
-0.5095	0.0361
-0.5095	0.0310
-0.5197	-0.0123
-0.4968	0.0948
-0.5172	-0.0531
-0.4993	0.0795
-0.5146	0.0004
-0.5172	-0.0123
-0.4968	0.0591
-0.5146	-0.0327
-0.5095	0.0387
-0.4993	0.0514
-0.5223	-0.0098
-0.5070	0.0769
-0.5146	-0.0072
-0.5197	0.0106
-0.5070	0.0412
-0.5223	-0.0327
-0.4917	0.0922
-0.5223	-0.0327
-0.5172	0.0336
-0.5095	0.0387
-0.5172	-0.0276
-0.4968	0.0846
-0.5095	-0.0327
-0.5121	0.0667
-0.5121	0.0208
-0.5197	-0.0200
-0.4815	0.1075
-0.5095	-0.0556
-0.5172	0.0412
-0.5121	0.0387
-0.5095	-0.0098
-0.4993	0.0540
-0.5121	-0.0021
-0.5197	0.0004
-0.4968	0.0820
-0.5223	-0.0607
-0.5121	0.0795
-0.5095	0.0132
-0.5121	-0.0123
-0.4993	0.0667
-0.5197	-0.0276
-0.5095	0.0310
-0.5095	0.0132
-0.5172	-0.0098
-0.5019	0.0514
-0.5223	-0.0276
-0.5019	0.0412
-0.5044	0.0310
-0.5095	0.0106
-0.5044	0.0489
-0.5172	-0.0098
-0.5044	0.0336
-0.5044	0.0106
-0.5197	-0.0098
-0.4993	0.0514
-0.5197	-0.0352
-0.5121	0.0310
-0.5197	-0.0047
-0.5223	-0.0021
-0.5044	0.0387
-0.5197	-0.0149
-0.5070	0.0387
-0.5223	-0.0098
-0.5172	0.0208
-0.5095	0.0412
-0.5223	-0.0098
-0.5044	0.0667
-0.5121	0.0081
-0.5223	0.0565
-0.5172	0.0387
-0.5325	-0.0021
-0.5095	0.0897
-0.5223	-0.0251
-0.5044	0.0514
-0.5172	0.0030
-0.5172	-0.0021
-0.5121	0.0336
-0.5197	0.0132
-0.5223	0.0081
-0.5070	0.0489
-0.5197	-0.0200
-0.4993	0.0693
-0.5223	-0.0072
-0.5095	0.0591
-0.5172	0.0004
-0.5223	0.0234
-0.5070	0.0463
-0.5146	-0.0098
-0.5095	0.0667
-0.5274	-0.0225
-0.5044	0.0667
-0.5146	0.0234
-0.5223	0.0081
-0.4917	0.0999
-0.5172	-0.0276
-0.5223	0.0310
-0.4968	0.0897
-0.5146	-0.0607
-0.4993	0.0795
-0.5095	0.0004
-0.5172	0.0055
-0.4968	0.1177
-0.5223	-0.0302
-0.5223	0.0616
-0.4993	0.0922
-0.5248	-0.0607
-0.4815	0.1330
-0.5223	-0.0709
-0.5274	0.0004
-0.4789	0.1152
-0.5223	-0.0939
-0.4917	0.1203
-0.5095	-0.0276
-0.5248	0.0336
-0.5095	0.0591
-0.5197	0.0081
-0.5223	0.0183
-0.5044	0.0820
-0.5223	-0.0429
-0.5044	0.0591
-0.5121	0.0336
-0.5274	-0.0174
-0.4917	0.1050
-0.5223	-0.0480
-0.5325	0.0106
-0.4891	0.1152
-0.5197	-0.0837
-0.5223	0.0693
-0.5172	0.0463
-0.5223	-0.0225
-0.5172	0.0642
-0.5248	0.0132
-0.5223	0.0489
-0.5299	-0.0021
-0.5095	0.0795
-0.5223	-0.0200
-0.5197	0.0514
-0.5095	0.0540
-0.5325	-0.0302
-0.4968	0.1101
-0.5223	-0.0352
-0.5172	0.0540
-0.5070	0.0718
-0.5325	-0.0429
-0.4942	0.1101
-0.5274	-0.0709
-0.5095	0.0565
-0.5121	0.0336
-0.5197	0.0081
-0.4993	0.0999
-0.5223	-0.0072
-0.5248	0.0514
-0.4968	0.1024
-0.5299	-0.0531
-0.5121	0.0846
-0.5223	0.0106
-0.5172	0.0030
-0.5095	0.1024
-0.5274	-0.0225
-0.5223	0.0514
-0.5095	0.0514
-0.5325	-0.0403
-0.4891	0.1203
-0.5223	-0.0607
-0.5223	0.0132
-0.4815	0.1534
-0.5172	-0.0735
-0.5299	0.0667
-0.5044	0.1152
