0.7399	-0.1627
0.0591	0.3370
-0.2469	0.1228
-0.3540	-0.1474
-0.2367	-0.3769
-0.6217	-0.3386
1.3647	0.0871
1.3162	-0.1831
1.0918	-0.3182
-0.3463	0.4134
-0.4917	0.1636
-0.5401	-0.2519
-0.5962	-0.3055
0.9771	-0.3488
-0.6472	0.2860
1.1913	-0.4202
-0.6829	0.0922
1.4208	-0.1219
0.4339	0.0208
-0.1423	-0.5604
0.1534	0.3803
-0.1270	0.1432
-0.3081	-0.0684
-0.2392	-0.2723
-0.1602	-0.4712
1.0383	0.1203
0.9898	-0.1245
0.4569	0.0693
0.0591	-0.4814
0.1432	0.3650
-0.1449	0.1381
-0.3132	-0.0760
-0.2392	-0.2927
-0.1831	-0.4865
0.9465	0.1126
0.9618	-0.0760
0.5079	0.0514
-0.2316	-0.5732
0.2886	0.3268
-0.0021	0.0310
-0.1015	-0.1143
-0.0607	-0.2851
-0.2647	-0.5400
0.6558	0.1483
-0.2035	-0.5910
0.0795	0.4338
-0.1857	0.1840
-0.3718	-0.0556
-0.2775	-0.3106
-0.2800	-0.5094
0.9235	0.1152
0.9796	-0.0709
0.6022	-0.0200
1.0383	0.0438
0.8904	-0.1372
0.1330	0.2707
-0.1551	0.0489
-0.2469	-0.1321
-0.1576	-0.3182
-0.3132	-0.5298
0.7884	0.1254
1.2652	0.0820
1.2040	-0.1423
0.9924	-0.2774
-0.2953	0.4160
-0.4636	0.1534
-0.5172	-0.2519
-0.5580	-0.3718
1.3468	-0.3055
-0.1041	0.3319
-0.3973	0.0846
-0.4024	-0.2596
-0.3285	-0.4737
1.2142	0.1611
1.1709	-0.0888
1.0306	-0.2519
-0.1525	0.3752
-0.4228	0.1126
-0.4432	-0.2647
-0.4254	-0.4763
1.2576	0.1534
1.2295	-0.0531
1.1556	-0.2570
0.2937	0.1381
0.0821	-0.1755
-0.0862	-0.4992
0.5053	0.1916
0.2299	-0.3157
0.7374	0.0744
1.1097	0.0489
1.0204	-0.1882
0.1840	0.2197
-0.0709	-0.0098
-0.1219	-0.1780
-0.0607	-0.3692
0.9031	-0.2978
-0.5427	0.3931
0.2988	0.0514
0.1305	-0.3029
1.2550	0.1177
1.1913	-0.1117
1.0510	-0.2774
-0.1602	0.3803
-0.4305	0.0999
-0.4356	-0.2596
-0.4432	-0.4636
1.2856	0.1687
1.2346	-0.0607
1.1811	-0.2570
0.4620	0.0208
-0.2647	-0.5553
0.4008	0.2707
0.1432	-0.1143
0.0209	-0.4330
0.6915	0.0999
1.1683	-0.3896
-0.5401	0.3395
-0.1678	0.2809
-0.4203	-0.0021
-0.3667	-0.3284
-0.4407	-0.4916
1.1148	0.1738
1.0816	-0.0913
0.7833	-0.1423
0.1228	0.3013
-0.1780	0.0795
-0.2749	-0.1321
-0.1780	-0.3259
-0.3999	-0.5222
0.8955	0.1305
1.0434	-0.0200
0.8139	-0.1449
0.1330	0.2987
-0.1602	0.0642
-0.2571	-0.1347
-0.1551	-0.3157
-0.3871	-0.5247
0.8521	0.1228
1.0689	-0.0021
0.9108	-0.1729
0.0107	0.3268
-0.2902	0.1050
-0.3540	-0.1729
-0.2392	-0.4100
0.1305	0.1865
-0.1117	0.0004
-0.1525	-0.1653
-0.0735	-0.3259
-0.6523	-0.2774
1.3953	-0.0837
0.9388	-0.2876
-0.4891	0.4058
-0.1423	0.2758
-0.3973	0.0106
-0.3514	-0.3004
-0.3183	-0.4916
1.0510	0.1432
1.0281	-0.0964
0.5895	-0.0200
1.0816	0.0616
0.9720	-0.1653
0.1458	0.2477
-0.1168	0.0310
-0.1908	-0.1525
-0.1143	-0.3233
-0.5605	-0.4177
1.1428	0.1891
1.1224	-0.0633
0.9567	-0.2265
-0.1474	0.3905
-0.4101	0.1228
-0.4534	-0.2545
-0.4152	-0.4636
1.3035	0.1407
1.2525	-0.0582
1.2193	-0.2392
0.7144	-0.1296
0.2503	0.2426
-0.0097	-0.0276
-0.0607	-0.2061
-0.0531	-0.4355
0.9643	0.0922
0.9286	-0.0964
0.3727	0.1228
0.1483	-0.2800
1.3392	0.0718
1.2856	-0.0837
1.2729	-0.2392
0.8878	-0.2443
-0.3591	0.4185
-0.3693	0.2324
-0.4840	-0.1296
-0.4279	-0.4075
0.9771	-0.3386
-0.6243	0.2834
1.1938	-0.4381
-0.6804	0.0463
1.4080	0.1152
1.3264	-0.2851
0.6736	-0.1194
0.3880	0.1738
0.1611	-0.2239
-0.5784	0.1891
-0.4891	0.2197
-0.5631	-0.1321
-0.6039	-0.2239
0.0413	0.2171
-0.2265	0.0285
-0.2673	-0.1729
-0.1525	-0.3590
-0.6549	-0.1704
1.0689	-0.3871
-0.6676	0.1738
1.3953	-0.2570
-0.1117	0.3268
-0.3948	0.0718
-0.3948	-0.2647
-0.3336	-0.4712
1.2040	0.1713
1.1556	-0.0837
0.9771	-0.2443
-0.1908	0.3982
-0.4305	0.1305
-0.4611	-0.2570
-0.4764	-0.4381
1.3443	0.1126
1.3188	-0.0709
1.2780	-0.2265
0.9643	-0.2927
-0.4203	0.4007
-0.3285	0.2605
-0.4993	-0.1015
-0.4152	-0.4075
0.1968	0.1407
-0.0021	-0.0913
-0.0097	-0.2774
-0.4381	-0.5222
0.8470	0.1432
1.1581	0.0565
1.0587	-0.2137
0.3064	0.1330
0.0999	-0.1831
-0.1959	-0.5375
0.5079	0.2171
0.2325	-0.2825
0.9669	0.0591
0.8470	-0.1117
0.3039	0.1764
0.0795	-0.1321
0.0107	-0.4075
0.9082	0.0718
0.8904	-0.0888
0.4212	0.1126
0.1560	-0.3463
0.7935	0.0693
0.9618	-0.0302
0.6787	-0.0505
0.7221	0.0208
0.8853	-0.0276
0.6099	-0.0021
1.1173	0.0769
1.0230	-0.1933
0.2401	0.1840
0.0183	-0.0990
-0.0097	-0.3131
-0.2188	0.3115
-0.4432	0.0259
-0.4075	-0.3233
-0.5911	-0.3157
1.3978	-0.2367
0.2886	0.1152
0.1050	-0.1959
-0.2290	-0.5400
0.5155	0.2044
0.2299	-0.3208
0.6915	0.0718
1.2958	0.0897
1.2346	-0.1092
1.1632	-0.2927
0.1458	0.2350
-0.1168	0.0004
-0.1653	-0.1806
-0.1041	-0.3769
0.8700	-0.2774
-0.4917	0.4185
0.0948	0.1687
-0.1270	-0.0327
-0.1423	-0.1882
-0.0811	-0.3845
1.3290	-0.3259
-0.0046	0.2987
-0.2953	0.0718
-0.3489	-0.2035
-0.2239	-0.4228
1.1148	-0.3845
-0.6039	0.2962
0.4620	-0.0505
0.5308	-0.0556
1.0969	0.0616
1.0051	-0.1806
0.2146	0.2018
-0.0225	-0.0480
-0.0582	-0.2341
-0.1143	-0.4814
0.7425	0.1101
1.3162	0.0718
1.2627	-0.0964
1.2295	-0.2749
0.5283	-0.0225
1.3596	0.0846
1.2958	-0.0556
1.2729	-0.2239
1.0000	-0.3131
-0.4177	0.3956
-0.3055	0.2554
-0.4738	-0.0939
-0.4075	-0.3871
0.0489	0.2171
-0.2035	0.0259
-0.2367	-0.1729
-0.1500	-0.3769
-0.4509	0.3140
-0.5682	-0.0021
-0.5733	-0.2774
-0.2928	0.3166
-0.5044	-0.0149
-0.4407	-0.3641
-0.6217	0.1305
-0.5503	0.1865
-0.6090	-0.1270
-0.6396	-0.0964
-0.4407	0.2936
-0.5631	-0.0684
-0.5452	-0.3463
0.2962	0.0897
0.1254	-0.2316
-0.6421	-0.2876
1.3621	0.0948
1.3366	-0.1755
1.1505	-0.3335
-0.2188	0.3880
-0.4509	0.1024
-0.4560	-0.2774
-0.5427	-0.3769
1.4004	-0.0607
1.1122	-0.3565
-0.4024	0.3982
-0.4483	0.2069
-0.5274	-0.1806
-0.5529	-0.3616
1.1097	-0.3871
-0.6447	0.2248
1.1097	-0.4177
-0.6906	0.0361
1.3188	0.2044
1.3315	-0.0429
1.3035	-0.1729
1.2066	-0.3259
0.0693	0.2732
-0.2137	0.0463
-0.2775	-0.1755
-0.1704	-0.3794
-0.2749	0.3344
-0.5019	0.0004
-0.4458	-0.3565
-0.6421	0.0208
-0.3616	0.3140
-0.5401	-0.0607
-0.4917	-0.3871
0.1126	0.1993
-0.1372	0.0106
-0.1857	-0.1500
-0.0964	-0.3157
-0.4636	-0.5120
0.9108	0.1330
1.0536	-0.0251
0.8215	-0.1423
0.1126	0.3038
-0.1908	0.0718
-0.2826	-0.1347
-0.1831	-0.3386
-0.4509	-0.4992
0.9592	0.1509
1.0204	-0.0531
0.7017	-0.0913
0.5002	0.1050
0.0744	-0.4686
0.0821	0.4007
-0.1959	0.1483
-0.3463	-0.0888
-0.2469	-0.3259
-0.3769	-0.5120
0.9414	0.1407
1.0102	-0.0505
0.6634	-0.0633
0.6966	0.0208
0.9694	0.0004
0.7144	-0.0607
0.5869	0.0514
0.0897	0.2146
-0.1653	-0.0072
-0.1933	-0.1908
-0.1143	-0.3794
0.8241	-0.2596
-0.4101	0.4338
-0.2469	0.2630
-0.4534	-0.0429
-0.3693	-0.3667
-0.6549	-0.1347
0.4900	-0.0582
1.3749	-0.0403
1.3162	-0.2163
1.0867	-0.3208
-0.3769	0.3956
-0.4407	0.2018
-0.5121	-0.1882
-0.5452	-0.3565
1.1581	-0.4024
-0.6115	0.2579
0.7068	-0.2137
-0.1372	0.4211
-0.3744	0.1687
-0.4483	-0.1933
-0.3693	-0.4483
1.3927	-0.1398
0.9567	-0.3055
-0.4891	0.3956
-0.1041	0.2426
-0.3591	0.0106
-0.3208	-0.2723
-0.2647	-0.4788
1.1173	0.1483
1.0740	-0.1143
0.7017	-0.0888
0.4951	0.1126
0.1024	-0.4534
0.1560	0.3599
-0.1168	0.1152
-0.2673	-0.0939
-0.1959	-0.2902
-0.2239	-0.5018
0.8547	0.1126
1.0128	-0.0200
0.7450	-0.1015
0.3651	0.1713
0.1432	-0.1933
-0.4203	-0.5222
0.7833	0.1509
1.3927	-0.1245
1.2525	-0.3361
0.0591	0.2681
-0.2163	0.0540
-0.2673	-0.1755
-0.1729	-0.3845
-0.0225	0.2554
-0.2953	0.0591
-0.3336	-0.2188
-0.2137	-0.4253
1.2601	-0.3769
-0.3310	0.3880
-0.4993	0.1024
-0.5248	-0.2876
-0.6396	-0.1347
0.0617	0.2120
-0.2010	0.0336
-0.2469	-0.1653
-0.1372	-0.3361
-0.5937	-0.3794
1.2346	0.2018
1.2040	-0.0429
1.1428	-0.2570
0.2580	0.1534
0.0515	-0.1347
0.0209	-0.3769
1.1097	0.1203
1.0383	-0.1449
0.4926	0.0285
-0.3999	-0.5400
0.6609	0.1636
-0.1347	-0.5783
-0.0352	0.4644
-0.1780	0.1967
-0.3616	-0.0480
-0.2851	-0.3131
-0.3693	-0.4992
0.9720	0.1305
1.0102	-0.0811
0.5997	-0.0174
1.0383	0.0387
0.8853	-0.1423
0.1203	0.2732
-0.1576	0.0438
-0.2341	-0.1423
-0.1347	-0.3361
-0.6217	-0.3004
1.4080	0.0387
1.3111	-0.2851
0.5691	-0.0531
0.9898	0.0208
0.8088	-0.1194
0.2580	0.2222
0.0081	-0.0684
-0.0174	-0.2749
-0.3718	-0.5196
0.7731	0.1305
1.3341	0.0591
1.2831	-0.0888
1.2627	-0.2545
0.8062	-0.2010
-0.1959	0.4185
-0.3820	0.1713
-0.4585	-0.1908
-0.4279	-0.4381
1.4080	-0.0709
1.2168	-0.3565
-0.1525	0.3625
-0.4152	0.0795
-0.4203	-0.2749
-0.4713	-0.4457
1.2958	0.1764
1.2525	-0.0378
1.2066	-0.2545
0.7042	-0.1321
0.2554	0.2324
0.0132	-0.0505
-0.0276	-0.2519
-0.2469	-0.5222
0.6660	0.1432
-0.4050	-0.5579
0.5818	0.2095
0.2172	-0.3922
0.1636	0.3472
-0.1194	0.0922
-0.2469	-0.0939
-0.1729	-0.2876
-0.2673	-0.5120
0.8190	0.1177
1.0842	0.0259
0.9210	-0.1908
0.0209	0.3242
-0.2775	0.0871
-0.3387	-0.1780
-0.2188	-0.3998
0.5232	-0.0633
1.1658	0.0897
1.0918	-0.1831
0.5385	-0.0098
1.4080	0.0004
1.3570	-0.1372
1.3162	-0.2749
0.8419	-0.2418
-0.3387	0.4211
-0.3361	0.2248
-0.4687	-0.1143
-0.4126	-0.4075
0.7068	-0.2010
-0.0174	0.3727
-0.2851	0.1330
-0.3820	-0.1704
-0.2724	-0.4151
0.6634	-0.1500
0.3064	0.2069
0.0795	-0.0913
0.0362	-0.3412
1.3315	0.0897
1.2831	-0.0709
1.2627	-0.2341
0.8623	-0.2367
-0.3157	0.4185
-0.3795	0.2044
-0.4917	-0.1627
-0.4483	-0.4151
1.2729	-0.3947
-0.4305	0.3676
-0.4636	0.1840
-0.5325	-0.1933
-0.5860	-0.2876
0.6838	-0.1831
0.0948	0.3344
-0.2086	0.1024
-0.3132	-0.1296
-0.2010	-0.3361
-0.5325	-0.4406
1.1352	0.1916
1.1199	-0.0684
0.9082	-0.2137
-0.1474	0.3854
-0.3922	0.1305
-0.4305	-0.2239
-0.4050	-0.4508
1.3315	0.1305
1.2958	-0.0505
1.2652	-0.2188
1.0383	-0.3055
-0.3871	0.3956
-0.3973	0.2248
-0.5044	-0.1576
-0.4840	-0.3794
1.1887	-0.4100
-0.5835	0.2860
0.3370	0.0361
0.1279	-0.3922
0.6277	0.1152
-0.4789	-0.5043
0.7833	0.1483
1.3978	-0.2163
0.8649	-0.2519
-0.3973	0.4262
-0.2443	0.2630
-0.4407	-0.0531
-0.3693	-0.3692
-0.6447	-0.0327
-0.1041	0.2732
-0.3693	0.0336
-0.3591	-0.2749
-0.2953	-0.4814
1.1428	0.1636
1.0867	-0.1117
0.7552	-0.1372
0.1738	0.2783
-0.1092	0.0387
-0.1933	-0.1423
-0.1245	-0.3335
-0.5529	-0.4075
1.1556	0.2044
1.1301	-0.0709
0.9567	-0.2341
-0.1551	0.3880
-0.4050	0.1228
-0.4407	-0.2418
-0.4305	-0.4432
1.3315	0.1407
1.2856	-0.0505
1.2652	-0.2112
1.0179	-0.3055
-0.3973	0.3982
-0.3820	0.2222
-0.4993	-0.1423
-0.4662	-0.3973
1.0867	-0.3922
-0.6421	0.2095
1.2321	-0.4432
-0.6549	0.1305
1.3519	-0.3794
-0.4687	0.3446
-0.4381	0.2222
-0.5248	-0.1500
-0.5529	-0.3386
0.8445	-0.2800
-0.4815	0.4185
0.1050	0.1611
-0.1143	-0.0403
-0.1245	-0.1959
-0.0811	-0.3998
1.3086	0.1177
1.2448	-0.0760
1.2142	-0.2672
0.6048	-0.0607
0.8139	0.0055
0.7221	-0.0098
0.7731	-0.0098
0.7068	-0.0021
0.8394	-0.0276
0.6226	0.0106
1.1607	0.1101
1.0714	-0.1908
0.4365	0.0616
0.0362	-0.4686
0.2554	0.3166
-0.0072	0.0208
-0.0939	-0.1627
-0.0556	-0.3616
1.3723	-0.3029
0.2631	0.1356
0.0795	-0.1704
-0.0684	-0.4788
0.6201	0.1432
-0.1296	-0.5655
0.0311	0.4517
-0.1653	0.1840
-0.3463	-0.0607
-0.2724	-0.3182
-0.3922	-0.5043
0.9873	0.1509
1.0000	-0.0837
0.6150	-0.0327
0.9388	0.0055
0.7119	-0.0556
0.6022	0.0463
1.4080	-0.2341
0.8241	-0.2341
-0.3412	0.4211
-0.3055	0.2350
-0.4534	-0.1015
-0.3948	-0.3922
0.3498	0.0336
0.1126	-0.4100
0.5512	0.1611
0.1509	-0.4355
0.0922	0.3982
-0.1857	0.1356
-0.3285	-0.1015
-0.2469	-0.3284
-0.4279	-0.4839
0.9898	0.1509
1.0179	-0.0735
0.6456	-0.0633
0.7450	0.0183
0.8394	-0.0200
0.6048	0.0310
1.3545	0.0948
1.2882	-0.0505
1.2678	-0.2469
0.9898	-0.2978
-0.4381	0.3854
-0.2341	0.2554
-0.4228	-0.0556
-0.3565	-0.3488
-0.6192	0.0387
-0.3387	0.2860
-0.5044	-0.0505
-0.4534	-0.3692
-0.0964	0.2834
-0.3642	0.0387
-0.3565	-0.2647
-0.2979	-0.4763
1.1556	0.1611
1.1148	-0.1092
0.8496	-0.1908
-0.1015	0.3931
-0.3540	0.1305
-0.4177	-0.2137
-0.3565	-0.4483
1.3723	0.0718
1.3417	-0.1041
1.3162	-0.2239
1.0714	-0.3310
-0.4024	0.3880
-0.3846	0.2299
-0.5044	-0.1525
-0.4789	-0.3769
1.1224	-0.3973
-0.6319	0.2146
1.1734	-0.4381
-0.6753	0.0387
1.3774	0.1611
1.3749	-0.1219
1.3341	-0.2519
0.9822	-0.3055
-0.4611	0.3854
-0.1117	0.2426
-0.3463	-0.0098
-0.3183	-0.2902
-0.3336	-0.4916
1.0510	0.1534
1.0255	-0.1092
0.5691	-0.0098
1.2117	0.1203
1.1326	-0.1729
0.7731	-0.1627
0.0183	0.3472
-0.2494	0.1050
-0.3310	-0.1704
-0.2290	-0.3922
0.5691	-0.1015
0.7986	0.0030
0.7374	-0.0302
0.7170	0.0004
0.8394	-0.0200
0.6175	0.0183
1.1913	0.1203
1.1250	-0.1729
0.6838	-0.1143
0.4033	0.1509
0.1636	-0.2851
1.1709	0.1483
1.1071	-0.1576
0.6634	-0.0913
0.5614	0.0795
-0.4866	-0.4508
0.9006	0.1560
1.0638	-0.0021
0.8827	-0.1780
-0.0148	0.3497
-0.2851	0.0871
-0.3387	-0.1908
-0.2724	-0.4304
1.4284	-0.1194
1.1505	-0.3769
-0.3846	0.3752
-0.4356	0.1840
-0.4968	-0.1729
-0.5401	-0.3335
1.0255	-0.3871
-0.6447	0.1865
1.4386	-0.1831
0.2707	0.1228
0.0872	-0.1908
-0.1755	-0.5324
0.5308	0.1865
0.2172	-0.3692
0.4059	0.2044
0.1636	-0.1959
-0.6294	-0.2112
1.4335	-0.1780
0.5512	-0.0684
0.9924	0.0285
0.8266	-0.1219
0.2248	0.2350
-0.0199	-0.0276
-0.0582	-0.2214
-0.1347	-0.4839
0.7807	0.0999
1.1148	0.0514
1.0077	-0.2137
0.1432	0.2350
-0.0964	0.0081
-0.1525	-0.1882
-0.1015	-0.3947
1.4080	-0.0276
1.3392	-0.2469
1.0306	-0.3284
-0.4636	0.3676
-0.1984	0.2528
-0.4024	-0.0276
-0.3463	-0.3335
-0.5835	-0.3284
1.4259	-0.0021
1.2831	-0.3412
0.2529	0.1585
0.0362	-0.1398
0.0056	-0.3871
1.0204	0.1024
0.9439	-0.1296
0.3115	0.1585
0.0922	-0.1806
-0.1474	-0.5222
0.5257	0.1916
0.2095	-0.3539
0.5512	0.1432
0.0897	-0.4788
-0.0097	0.4491
-0.2112	0.1840
-0.3769	-0.0913
-0.2800	-0.3488
-0.5860	-0.3284
1.3876	0.1126
1.3545	-0.1015
1.3239	-0.2239
1.1250	-0.3412
-0.3463	0.3854
-0.4381	0.1611
-0.5070	-0.2137
-0.5605	-0.3004
0.9949	-0.3565
-0.6370	0.2044
1.4386	-0.1857
0.2095	0.1738
-0.0097	-0.0913
-0.0148	-0.2876
-0.6064	-0.3080
1.3672	0.1458
1.3468	-0.0480
1.3060	-0.1755
1.2576	-0.3157
0.4110	0.0463
0.0464	-0.4636
0.2580	0.3115
-0.0072	0.0208
-0.0735	-0.1653
-0.0531	-0.3794
1.3570	0.0769
1.3213	-0.0607
1.2958	-0.2061
1.1632	-0.3412
-0.1627	0.3599
-0.3999	0.0795
-0.4152	-0.2749
-0.4789	-0.4075
1.3672	0.1381
1.3239	-0.0276
1.2856	-0.1806
1.2219	-0.3335
0.1662	0.2095
-0.0633	-0.0429
-0.0888	-0.2341
-0.1423	-0.4814
0.8215	0.0999
1.0102	-0.0200
0.7731	-0.1041
0.2911	0.2120
0.0464	-0.0939
0.0030	-0.3488
1.4157	-0.0454
1.3494	-0.2519
0.9898	-0.3157
-0.4764	0.3727
-0.0225	0.2120
-0.2520	0.0004
-0.2443	-0.2341
-0.1984	-0.4432
1.1913	0.1687
1.1403	-0.1143
0.9006	-0.2239
-0.2035	0.4083
-0.3948	0.1534
-0.4585	-0.2188
-0.4687	-0.4126
1.4208	-0.0047
1.3366	-0.2876
0.7756	-0.1857
-0.1321	0.3982
-0.3463	0.1432
-0.4305	-0.1959
-0.3693	-0.4330
1.4157	-0.0123
1.3366	-0.2774
0.7960	-0.2163
-0.2316	0.4313
-0.3693	0.1815
-0.4662	-0.1831
-0.4279	-0.4151
1.3978	-0.2341
0.5640	-0.0633
0.9286	0.0030
0.7246	-0.0607
0.5818	0.0616
-0.2775	0.3064
-0.4687	0.0030
-0.4432	-0.3361
-0.5784	0.1305
-0.5299	0.1687
-0.5758	-0.1066
-0.6141	-0.0556
-0.4713	0.2528
-0.5580	-0.0760
-0.5784	-0.2469
-0.0123	0.2452
-0.2851	0.0387
-0.3055	-0.2112
-0.1984	-0.4228
1.2907	-0.3743
-0.2724	0.3752
-0.4789	0.0871
-0.4789	-0.2927
-0.6243	-0.2265
0.7399	-0.2239
-0.1857	0.4262
-0.3820	0.1840
-0.4713	-0.1882
-0.4101	-0.4279
1.4055	-0.1372
0.9694	-0.2953
-0.4993	0.3778
-0.0301	0.2248
-0.2775	0.0234
-0.2775	-0.2214
-0.1959	-0.4355
1.3621	0.0897
1.3086	-0.0862
1.2958	-0.2163
1.0510	-0.3284
-0.3820	0.3956
-0.4101	0.2120
-0.4968	-0.1474
-0.4917	-0.3820
1.1683	-0.4100
-0.6013	0.2554
0.6787	-0.2061
-0.0123	0.3752
-0.2953	0.1305
-0.3769	-0.1576
-0.2673	-0.4075
0.5844	-0.1015
0.7654	0.0106
0.8062	-0.0225
0.6099	0.0208
1.3239	0.1126
1.2423	-0.0837
1.2015	-0.2876
0.4569	0.0208
-0.2979	-0.5426
0.5155	0.2171
0.2325	-0.3055
0.8011	0.0540
0.8776	-0.0556
0.5257	0.0489
-0.4815	-0.4788
0.8674	0.1534
1.1020	0.0285
0.9771	-0.2061
0.0107	0.3115
-0.2545	0.0718
-0.3030	-0.1831
-0.2163	-0.4100
1.3366	-0.3590
-0.0939	0.3191
-0.3565	0.0616
-0.3744	-0.2570
-0.3336	-0.4585
