0.9031	-0.0174
0.6838	-0.0123
0.9057	-0.0200
0.6787	-0.0174
0.9031	-0.0200
0.6787	-0.0149
0.9057	-0.0174
0.6787	-0.0225
0.9057	-0.0174
0.6711	-0.0149
0.9006	-0.0098
0.6787	-0.0174
0.9031	-0.0174
0.6838	-0.0174
0.8955	-0.0225
0.6685	-0.0225
0.9057	-0.0174
0.6787	-0.0149
0.9031	-0.0174
0.6787	-0.0098
0.8980	-0.0225
0.6762	-0.0098
0.8955	-0.0251
0.6787	-0.0149
0.8980	-0.0174
0.6711	-0.0225
0.8980	-0.0200
0.6787	-0.0200
0.9108	-0.0098
0.6711	-0.0149
0.9031	-0.0225
0.6762	-0.0174
0.9057	-0.0200
0.6838	-0.0098
0.9108	-0.0123
0.6787	-0.0149
0.9082	-0.0149
0.6838	-0.0098
0.9031	-0.0200
0.6711	-0.0251
0.9031	-0.0200
0.6787	-0.0174
0.8955	-0.0251
0.6838	-0.0174
0.9031	-0.0174
0.6736	-0.0200
0.9031	-0.0174
0.6838	-0.0149
0.9031	-0.0251
0.6838	-0.0098
0.9031	-0.0123
0.6838	-0.0098
0.9057	-0.0200
0.6685	-0.0225
0.9031	-0.0200
0.6736	-0.0200
0.9006	-0.0200
0.6838	-0.0149
0.9057	-0.0225
0.6762	-0.0200
0.9082	-0.0123
0.6787	-0.0098
0.9031	-0.0098
0.6838	-0.0174
0.9082	-0.0098
0.6711	-0.0149
0.8955	-0.0200
0.6838	-0.0200
0.9006	-0.0200
0.6787	-0.0149
0.8955	-0.0276
0.6838	-0.0098
0.9082	-0.0098
0.6711	-0.0200
0.8929	-0.0225
0.6736	-0.0251
0.9031	-0.0098
0.6838	-0.0098
0.9082	-0.0149
0.6838	-0.0098
0.9006	-0.0123
0.6838	-0.0098
0.9031	-0.0123
0.6787	-0.0149
0.9057	-0.0174
0.6736	-0.0200
0.9006	-0.0123
0.6838	-0.0098
0.9031	-0.0174
0.6838	-0.0123
0.9031	-0.0251
0.6787	-0.0174
0.9082	-0.0123
0.6711	-0.0251
0.9057	-0.0200
0.6711	-0.0225
0.9031	-0.0149
0.6762	-0.0174
0.8955	-0.0251
0.6685	-0.0200
0.9031	-0.0200
0.6838	-0.0123
0.9031	-0.0200
0.6838	-0.0098
0.8955	-0.0225
0.6787	-0.0174
0.8929	-0.0251
0.6787	-0.0200
0.9031	-0.0200
0.6685	-0.0200
0.8955	-0.0174
0.6762	-0.0098
0.9082	-0.0098
0.6787	-0.0200
0.9031	-0.0149
0.6762	-0.0225
0.9006	-0.0251
0.6711	-0.0225
0.9031	-0.0098
0.6762	-0.0174
0.9031	-0.0200
0.6838	-0.0174
0.9057	-0.0123
0.6838	-0.0098
0.9082	-0.0098
0.6711	-0.0149
0.9082	-0.0149
0.6685	-0.0200
0.9006	-0.0200
0.6838	-0.0098
0.9006	-0.0174
0.6762	-0.0098
0.8955	-0.0225
0.6838	-0.0174
0.8955	-0.0174
0.6813	-0.0225
0.8980	-0.0123
0.6787	-0.0098
0.9082	-0.0200
0.6736	-0.0251
0.9082	-0.0123
0.6813	-0.0174
0.9082	-0.0098
0.6838	-0.0149
0.9082	-0.0123
0.6838	-0.0098
0.9057	-0.0200
0.6838	-0.0098
0.8980	-0.0200
0.6787	-0.0225
0.9057	-0.0098
0.6813	-0.0149
0.9006	-0.0200
0.6787	-0.0098
0.9057	-0.0123
0.6838	-0.0098
0.9082	-0.0123
0.6838	-0.0098
0.8980	-0.0174
0.6787	-0.0174
0.8929	-0.0174
0.6736	-0.0225
0.8980	-0.0149
0.6787	-0.0123
0.8955	-0.0225
0.6762	-0.0123
0.9031	-0.0149
0.6838	-0.0123
0.8955	-0.0174
0.6838	-0.0098
0.8955	-0.0276
0.6813	-0.0098
0.9006	-0.0200
0.6711	-0.0149
0.8929	-0.0251
0.6711	-0.0174
0.9006	-0.0200
0.6711	-0.0225
0.9082	-0.0123
0.6711	-0.0225
0.8980	-0.0251
0.6711	-0.0225
0.9082	-0.0098
0.6787	-0.0174
0.8929	-0.0276
0.6762	-0.0098
0.8955	-0.0225
0.6838	-0.0098
0.8980	-0.0174
0.6736	-0.0200
0.8980	-0.0174
0.6762	-0.0149
0.8955	-0.0251
0.6838	-0.0174
0.9006	-0.0200
0.6711	-0.0251
0.9057	-0.0123
0.6711	-0.0225
0.8929	-0.0174
0.6762	-0.0149
0.8980	-0.0276
0.6762	-0.0149
0.8904	-0.0225
0.6787	-0.0149
0.8929	-0.0251
0.6787	-0.0174
0.8980	-0.0225
0.6711	-0.0251
0.9057	-0.0098
0.6711	-0.0225
0.9006	-0.0149
0.6711	-0.0200
0.9006	-0.0200
0.6838	-0.0098
0.9006	-0.0200
0.6838	-0.0098
0.8955	-0.0174
0.6762	-0.0149
0.9057	-0.0098
0.6762	-0.0098
0.8955	-0.0251
0.6762	-0.0149
0.8955	-0.0149
0.6838	-0.0200
0.8955	-0.0174
0.6762	-0.0149
0.8955	-0.0251
0.6787	-0.0149
0.9082	-0.0123
0.6762	-0.0174
0.9057	-0.0149
0.6762	-0.0149
0.8955	-0.0251
0.6762	-0.0200
0.8980	-0.0200
0.6736	-0.0225
0.9031	-0.0123
0.6787	-0.0174
0.8955	-0.0225
0.6762	-0.0098
0.8955	-0.0200
0.6787	-0.0174
0.8980	-0.0251
0.6838	-0.0174
0.8929	-0.0251
0.6838	-0.0098
0.8980	-0.0200
0.6838	-0.0098
0.8980	-0.0200
0.6762	-0.0200
0.9006	-0.0200
0.6838	-0.0098
0.8980	-0.0200
0.6762	-0.0098
0.8980	-0.0200
0.6736	-0.0200
0.9031	-0.0174
0.6787	-0.0225
0.8929	-0.0225
0.6838	-0.0123
0.8904	-0.0200
0.6838	-0.0123
0.8929	-0.0200
0.6736	-0.0149
0.8904	-0.0225
0.6787	-0.0174
0.8955	-0.0174
0.6736	-0.0200
0.8980	-0.0225
0.6838	-0.0098
0.8929	-0.0225
0.6762	-0.0174
0.9031	-0.0123
0.6762	-0.0174
0.9057	-0.0123
0.6685	-0.0174
0.8980	-0.0174
0.6660	-0.0200
0.9057	-0.0098
0.6838	-0.0098
0.9057	-0.0123
0.6813	-0.0123
0.9057	-0.0123
0.6736	-0.0174
0.9031	-0.0200
0.6711	-0.0225
0.8929	-0.0225
0.6787	-0.0225
0.8955	-0.0225
0.6736	-0.0149
0.8904	-0.0225
0.6736	-0.0174
0.9031	-0.0123
0.6711	-0.0225
0.8980	-0.0200
0.6787	-0.0149
0.8955	-0.0200
0.6762	-0.0174
0.9031	-0.0123
0.6736	-0.0174
0.9057	-0.0123
0.6838	-0.0098
0.9057	-0.0123
0.6787	-0.0149
0.8904	-0.0200
0.6736	-0.0149
0.8955	-0.0225
0.6838	-0.0174
0.9006	-0.0174
0.6711	-0.0149
0.8980	-0.0149
0.6736	-0.0225
0.8955	-0.0174
0.6711	-0.0251
0.8904	-0.0225
0.6838	-0.0149
0.9057	-0.0098
0.6787	-0.0225
0.8929	-0.0225
0.6813	-0.0098
0.8980	-0.0200
0.6838	-0.0200
0.8955	-0.0200
0.6711	-0.0174
0.9031	-0.0123
0.6711	-0.0225
0.8980	-0.0174
0.6711	-0.0200
0.9031	-0.0123
0.6711	-0.0225
0.8980	-0.0123
0.6711	-0.0225
0.8929	-0.0225
0.6762	-0.0200
0.9031	-0.0123
0.6762	-0.0149
0.9031	-0.0123
0.6736	-0.0225
0.8980	-0.0200
0.6787	-0.0174
0.8955	-0.0200
0.6838	-0.0174
0.8980	-0.0200
0.6838	-0.0149
0.9057	-0.0123
0.6711	-0.0200
0.8955	-0.0123
0.6838	-0.0098
0.8955	-0.0200
0.6838	-0.0200
0.8904	-0.0225
0.6813	-0.0200
0.8955	-0.0200
0.6711	-0.0225
0.8878	-0.0225
0.6711	-0.0149
0.8955	-0.0200
0.6813	-0.0098
0.8955	-0.0200
0.6711	-0.0200
0.8878	-0.0251
0.6762	-0.0174
0.8904	-0.0200
0.6813	-0.0098
0.8955	-0.0174
0.6838	-0.0123
0.8955	-0.0174
0.6787	-0.0225
0.8955	-0.0200
0.6685	-0.0225
0.9006	-0.0200
0.6838	-0.0200
0.8955	-0.0200
0.6813	-0.0098
0.9057	-0.0123
0.6736	-0.0098
0.8904	-0.0174
0.6736	-0.0149
0.8955	-0.0200
0.6736	-0.0174
0.8955	-0.0200
0.6736	-0.0149
0.8980	-0.0123
0.6787	-0.0200
0.8955	-0.0251
0.6762	-0.0098
0.8955	-0.0200
0.6813	-0.0098
0.9057	-0.0200
0.6711	-0.0174
0.8955	-0.0276
0.6685	-0.0225
0.9006	-0.0098
0.6762	-0.0174
0.8980	-0.0200
0.6787	-0.0174
0.8955	-0.0200
0.6787	-0.0149
0.9031	-0.0123
0.6711	-0.0200
0.8980	-0.0200
0.6685	-0.0251
0.9031	-0.0200
0.6736	-0.0149
0.8955	-0.0149
0.6813	-0.0098
0.8955	-0.0174
0.6736	-0.0225
0.8878	-0.0200
0.6838	-0.0098
0.9031	-0.0123
0.6711	-0.0225
0.8904	-0.0251
0.6685	-0.0174
0.9031	-0.0098
0.6813	-0.0098
0.8878	-0.0225
0.6711	-0.0225
0.8955	-0.0174
0.6736	-0.0123
0.8904	-0.0251
0.6711	-0.0200
0.8980	-0.0123
0.6762	-0.0149
0.8955	-0.0200
0.6736	-0.0174
0.8904	-0.0276
0.6736	-0.0200
0.8955	-0.0174
0.6838	-0.0098
0.9031	-0.0123
0.6711	-0.0251
0.8955	-0.0200
0.6762	-0.0174
0.8878	-0.0251
0.6813	-0.0200
0.8955	-0.0200
0.6736	-0.0174
0.8955	-0.0200
0.6787	-0.0149
0.8955	-0.0251
0.6711	-0.0251
0.8904	-0.0225
0.6736	-0.0174
0.8878	-0.0251
0.6685	-0.0149
0.8878	-0.0225
0.6838	-0.0123
0.8955	-0.0225
0.6736	-0.0098
0.8904	-0.0225
0.6762	-0.0225
0.8955	-0.0200
0.6685	-0.0225
0.8955	-0.0200
0.6711	-0.0149
0.8955	-0.0123
0.6762	-0.0149
0.9031	-0.0123
0.6762	-0.0149
0.9031	-0.0098
0.6762	-0.0174
0.8955	-0.0200
0.6736	-0.0174
0.8955	-0.0174
0.6787	-0.0174
0.8955	-0.0174
0.6660	-0.0251
0.8955	-0.0225
0.6736	-0.0098
0.9031	-0.0098
0.6813	-0.0098
0.8955	-0.0200
0.6838	-0.0098
0.8955	-0.0200
0.6813	-0.0200
0.8955	-0.0123
0.6711	-0.0225
0.8878	-0.0251
0.6685	-0.0225
0.8878	-0.0251
0.6762	-0.0174
0.9031	-0.0123
0.6787	-0.0200
0.8955	-0.0200
0.6838	-0.0149
0.8955	-0.0225
0.6813	-0.0098
0.9006	-0.0098
0.6762	-0.0200
0.8980	-0.0200
0.6787	-0.0200
0.8955	-0.0174
0.6736	-0.0149
0.9031	-0.0098
0.6736	-0.0098
0.9006	-0.0123
0.6787	-0.0225
0.8955	-0.0200
0.6685	-0.0225
0.8904	-0.0200
0.6762	-0.0276
0.8955	-0.0123
0.6736	-0.0149
0.9006	-0.0098
0.6736	-0.0174
0.8955	-0.0123
0.6813	-0.0098
0.8929	-0.0200
0.6736	-0.0174
0.8904	-0.0251
0.6762	-0.0098
0.8955	-0.0251
0.6813	-0.0098
0.9006	-0.0123
0.6813	-0.0098
0.8955	-0.0200
0.6813	-0.0098
0.8955	-0.0200
0.6762	-0.0174
0.8955	-0.0200
0.6711	-0.0174
0.8955	-0.0174
0.6711	-0.0251
0.8955	-0.0149
0.6736	-0.0200
0.8955	-0.0174
0.6685	-0.0225
0.8929	-0.0174
0.6762	-0.0149
0.8878	-0.0174
0.6762	-0.0200
0.8980	-0.0098
0.6685	-0.0251
0.9006	-0.0200
0.6711	-0.0200
0.8955	-0.0174
0.6660	-0.0225
0.8955	-0.0200
0.6762	-0.0200
0.8980	-0.0123
0.6736	-0.0098
0.9006	-0.0200
0.6813	-0.0098
0.8955	-0.0200
0.6762	-0.0174
0.8980	-0.0123
0.6762	-0.0174
0.9031	-0.0149
0.6736	-0.0174
0.8878	-0.0276
0.6685	-0.0225
0.9006	-0.0098
0.6813	-0.0123
0.8929	-0.0200
0.6813	-0.0123
0.8878	-0.0174
0.6838	-0.0098
0.9006	-0.0123
0.6685	-0.0225
0.9031	-0.0200
0.6736	-0.0174
0.8878	-0.0225
0.6838	-0.0123
0.8929	-0.0200
0.6711	-0.0251
0.8878	-0.0225
0.6660	-0.0251
0.8929	-0.0251
0.6711	-0.0225
0.8980	-0.0123
0.6736	-0.0174
0.8955	-0.0200
0.6736	-0.0200
0.8878	-0.0251
0.6838	-0.0098
0.8904	-0.0200
0.6762	-0.0098
0.8878	-0.0276
0.6736	-0.0225
0.8955	-0.0200
0.6736	-0.0200
0.8853	-0.0276
0.6762	-0.0225
0.8929	-0.0200
0.6736	-0.0200
0.8980	-0.0123
0.6736	-0.0200
0.8878	-0.0276
0.6813	-0.0174
0.8955	-0.0251
0.6838	-0.0098
0.8955	-0.0200
0.6736	-0.0174
0.8853	-0.0225
0.6787	-0.0149
0.8955	-0.0123
0.6685	-0.0149
0.8955	-0.0174
0.6813	-0.0098
0.8904	-0.0200
0.6838	-0.0098
0.8980	-0.0174
0.6813	-0.0123
0.9031	-0.0123
0.6685	-0.0149
0.8904	-0.0174
0.6736	-0.0174
0.8904	-0.0200
0.6813	-0.0098
0.8980	-0.0123
0.6685	-0.0225
0.8955	-0.0174
0.6736	-0.0174
0.8878	-0.0225
0.6762	-0.0174
0.8878	-0.0251
0.6813	-0.0098
0.8929	-0.0174
0.6685	-0.0225
0.8878	-0.0251
0.6762	-0.0174
0.9031	-0.0123
0.6736	-0.0251
0.8929	-0.0200
0.6736	-0.0174
0.8904	-0.0251
0.6736	-0.0149
0.8955	-0.0200
0.6736	-0.0200
0.8929	-0.0200
0.6736	-0.0174
0.8904	-0.0123
0.6736	-0.0174
0.8878	-0.0251
0.6736	-0.0225
0.8929	-0.0200
0.6736	-0.0225
0.8904	-0.0149
0.6838	-0.0098
0.8853	-0.0200
0.6711	-0.0200
0.8904	-0.0200
0.6736	-0.0251
0.8904	-0.0174
0.6736	-0.0174
0.8853	-0.0225
0.6813	-0.0098
0.8955	-0.0174
0.6736	-0.0174
0.8878	-0.0200
0.6736	-0.0174
0.8929	-0.0200
0.6736	-0.0174
0.8853	-0.0174
0.6762	-0.0149
0.8980	-0.0200
0.6660	-0.0225
0.8955	-0.0174
0.6736	-0.0123
0.8929	-0.0251
0.6685	-0.0225
0.8980	-0.0200
0.6813	-0.0200
0.8955	-0.0149
0.6711	-0.0225
0.8955	-0.0200
0.6685	-0.0174
0.8853	-0.0251
0.6736	-0.0149
0.8980	-0.0174
0.6736	-0.0174
0.8878	-0.0251
0.6813	-0.0200
0.8853	-0.0251
0.6762	-0.0174
0.9006	-0.0098
0.6736	-0.0174
0.8904	-0.0174
0.6711	-0.0225
0.8904	-0.0200
0.6838	-0.0098
0.8904	-0.0123
0.6736	-0.0200
0.8878	-0.0251
0.6660	-0.0225
0.8878	-0.0200
0.6736	-0.0149
0.8929	-0.0200
0.6736	-0.0251
0.8878	-0.0200
0.6736	-0.0200
0.8980	-0.0098
0.6736	-0.0200
0.8904	-0.0200
0.6711	-0.0174
0.8980	-0.0149
0.6736	-0.0149
0.8929	-0.0123
0.6762	-0.0149
0.8878	-0.0225
0.6736	-0.0174
0.8929	-0.0174
0.6736	-0.0149
0.8980	-0.0098
0.6813	-0.0149
0.8904	-0.0200
0.6762	-0.0098
0.8929	-0.0225
0.6736	-0.0174
0.8980	-0.0098
0.6813	-0.0098
0.8980	-0.0123
0.6736	-0.0123
0.8853	-0.0251
0.6685	-0.0225
0.8955	-0.0174
0.6711	-0.0251
0.8853	-0.0174
0.6736	-0.0174
0.8904	-0.0149
0.6736	-0.0200
0.8904	-0.0200
0.6813	-0.0123
0.8878	-0.0174
0.6736	-0.0225
0.8904	-0.0200
0.6736	-0.0149
0.8904	-0.0200
0.6660	-0.0225
0.8878	-0.0200
0.6685	-0.0225
0.8980	-0.0200
0.6736	-0.0174
0.8980	-0.0123
0.6736	-0.0225
0.8904	-0.0200
0.6736	-0.0174
0.8878	-0.0225
0.6736	-0.0174
0.8929	-0.0200
0.6711	-0.0225
0.8853	-0.0251
0.6813	-0.0200
0.8878	-0.0200
0.6838	-0.0098
0.8929	-0.0174
0.6838	-0.0200
0.8853	-0.0149
0.6736	-0.0200
0.8904	-0.0200
0.6736	-0.0149
0.8904	-0.0200
0.6736	-0.0200
0.8878	-0.0200
0.6736	-0.0174
0.8980	-0.0123
0.6736	-0.0149
0.8904	-0.0200
0.6813	-0.0098
0.8853	-0.0251
0.6813	-0.0098
0.8853	-0.0251
0.6736	-0.0200
0.8904	-0.0200
0.6736	-0.0174
0.8980	-0.0123
0.6711	-0.0200
0.8929	-0.0200
0.6660	-0.0225
0.8904	-0.0098
0.6736	-0.0174
0.8827	-0.0200
0.6762	-0.0174
0.8878	-0.0251
0.6736	-0.0225
0.8853	-0.0200
0.6813	-0.0098
0.8955	-0.0123
0.6813	-0.0123
0.8878	-0.0200
0.6736	-0.0174
0.8929	-0.0200
0.6736	-0.0174
0.8955	-0.0123
0.6711	-0.0225
0.8853	-0.0276
0.6813	-0.0174
0.8904	-0.0200
0.6685	-0.0251
0.8955	-0.0149
0.6660	-0.0225
0.8853	-0.0225
0.6813	-0.0200
0.8955	-0.0123
0.6685	-0.0251
0.8878	-0.0200
0.6736	-0.0123
0.8904	-0.0174
0.6813	-0.0098
0.8853	-0.0251
0.6660	-0.0225
0.8904	-0.0200
0.6787	-0.0098
0.8929	-0.0200
0.6736	-0.0174
0.8904	-0.0200
0.6736	-0.0200
0.8955	-0.0200
0.6838	-0.0098
0.8904	-0.0200
0.6711	-0.0200
0.8878	-0.0251
0.6813	-0.0098
0.8955	-0.0149
0.6660	-0.0225
0.8904	-0.0200
0.6736	-0.0200
0.8980	-0.0200
0.6736	-0.0200
0.8827	-0.0276
0.6711	-0.0225
0.8878	-0.0200
0.6762	-0.0174
0.8955	-0.0174
0.6813	-0.0098
0.8878	-0.0200
0.6813	-0.0149
0.8853	-0.0251
0.6736	-0.0200
0.8904	-0.0123
0.6660	-0.0225
0.8904	-0.0200
0.6787	-0.0123
0.8929	-0.0225
0.6660	-0.0225
0.8904	-0.0200
0.6660	-0.0200
0.8955	-0.0123
0.6736	-0.0174
0.8955	-0.0200
0.6813	-0.0123
0.8904	-0.0200
0.6813	-0.0123
0.8904	-0.0200
0.6736	-0.0174
0.8904	-0.0200
0.6711	-0.0225
0.8955	-0.0200
0.6736	-0.0174
0.8904	-0.0123
0.6736	-0.0200
0.8878	-0.0200
0.6736	-0.0149
0.8853	-0.0225
0.6685	-0.0225
0.8955	-0.0149
0.6736	-0.0174
0.8878	-0.0251
0.6711	-0.0225
0.8980	-0.0098
0.6736	-0.0174
0.8955	-0.0200
0.6685	-0.0225
0.8955	-0.0123
0.6736	-0.0174
0.8955	-0.0200
0.6736	-0.0174
0.8878	-0.0200
0.6736	-0.0174
0.8904	-0.0174
0.6736	-0.0174
0.8904	-0.0200
0.6838	-0.0123
0.8955	-0.0123
0.6736	-0.0174
0.8878	-0.0123
0.6736	-0.0174
0.8980	-0.0123
0.6762	-0.0149
0.8878	-0.0149
0.6736	-0.0200
0.8904	-0.0174
0.6685	-0.0149
0.8878	-0.0276
0.6736	-0.0149
0.8878	-0.0123
0.6736	-0.0200
0.8904	-0.0200
0.6685	-0.0251
0.8827	-0.0225
0.6736	-0.0225
0.8853	-0.0174
0.6813	-0.0098
0.8878	-0.0174
0.6660	-0.0225
0.8955	-0.0123
0.6736	-0.0123
0.8955	-0.0123
0.6711	-0.0251
0.8827	-0.0251
0.6736	-0.0200
0.8955	-0.0098
0.6813	-0.0098
0.8955	-0.0098
0.6813	-0.0174
0.8904	-0.0123
0.6736	-0.0174
0.8980	-0.0123
0.6736	-0.0123
0.8878	-0.0200
0.6813	-0.0098
0.8878	-0.0200
0.6813	-0.0098
0.8878	-0.0200
0.6813	-0.0098
0.8955	-0.0200
0.6736	-0.0174
0.8904	-0.0200
0.6711	-0.0225
0.8878	-0.0200
0.6813	-0.0123
0.8853	-0.0251
0.6736	-0.0174
0.8853	-0.0200
0.6736	-0.0200
0.8955	-0.0200
0.6736	-0.0174
0.8878	-0.0276
0.6736	-0.0225
0.8878	-0.0200
0.6736	-0.0098
0.8827	-0.0225
0.6711	-0.0251
0.8878	-0.0200
0.6813	-0.0149
0.8827	-0.0251
0.6711	-0.0174
0.8955	-0.0200
0.6787	-0.0123
0.8955	-0.0123
0.6813	-0.0098
0.8878	-0.0174
0.6736	-0.0149
0.8878	-0.0200
0.6685	-0.0225
0.8853	-0.0251
0.6736	-0.0174
0.8878	-0.0123
0.6813	-0.0149
0.8878	-0.0251
0.6736	-0.0174
0.8853	-0.0251
0.6736	-0.0098
0.8955	-0.0149
0.6736	-0.0149
0.8827	-0.0225
0.6685	-0.0251
0.8853	-0.0200
0.6813	-0.0149
0.8878	-0.0276
0.6685	-0.0225
0.8853	-0.0200
0.6660	-0.0225
0.8878	-0.0225
0.6685	-0.0225
0.8853	-0.0200
0.6762	-0.0174
0.8955	-0.0149
0.6813	-0.0149
0.8827	-0.0276
0.6660	-0.0225
0.8827	-0.0200
0.6813	-0.0123
0.8929	-0.0123
0.6813	-0.0098
0.8853	-0.0225
0.6813	-0.0098
0.8929	-0.0098
0.6736	-0.0200
0.8904	-0.0123
0.6660	-0.0225
0.8878	-0.0200
0.6787	-0.0123
0.8827	-0.0251
0.6736	-0.0174
0.8904	-0.0251
0.6736	-0.0174
0.8802	-0.0251
0.6736	-0.0200
0.8827	-0.0251
0.6685	-0.0276
0.8955	-0.0200
0.6787	-0.0200
0.8904	-0.0200
0.6685	-0.0200
0.8878	-0.0276
0.6736	-0.0174
0.8853	-0.0200
0.6660	-0.0174
