0.9184	-0.0200
0.7807	-0.0302
0.9184	-0.0225
0.7654	-0.0429
0.9184	-0.0200
0.7731	-0.0429
0.9133	-0.0200
0.7731	-0.0327
0.9159	-0.0225
0.7731	-0.0378
0.9235	-0.0149
0.7807	-0.0352
0.9184	-0.0225
0.7654	-0.0403
0.9108	-0.0276
0.7782	-0.0327
0.9261	-0.0200
0.7705	-0.0429
0.9159	-0.0200
0.7731	-0.0378
0.9082	-0.0276
0.7731	-0.0327
0.9184	-0.0200
0.7731	-0.0352
0.9184	-0.0200
0.7731	-0.0327
0.9184	-0.0302
0.7756	-0.0327
0.9108	-0.0302
0.7654	-0.0378
0.9108	-0.0225
0.7731	-0.0403
0.9184	-0.0225
0.7705	-0.0403
0.9108	-0.0302
0.7654	-0.0454
0.9235	-0.0123
0.7807	-0.0327
0.9082	-0.0200
0.7782	-0.0327
0.9184	-0.0225
0.7782	-0.0327
0.9108	-0.0200
0.7782	-0.0302
0.9108	-0.0302
0.7731	-0.0352
0.9210	-0.0149
0.7731	-0.0378
0.9159	-0.0200
0.7731	-0.0352
0.9235	-0.0174
0.7654	-0.0429
0.9159	-0.0123
0.7807	-0.0327
0.9108	-0.0276
0.7782	-0.0327
0.9159	-0.0200
0.7807	-0.0327
0.9108	-0.0276
0.7731	-0.0403
0.9082	-0.0200
0.7807	-0.0378
0.9184	-0.0200
0.7731	-0.0378
0.9235	-0.0149
0.7731	-0.0403
0.9235	-0.0200
0.7782	-0.0327
0.9184	-0.0200
0.7731	-0.0429
0.9159	-0.0200
0.7833	-0.0327
0.9184	-0.0149
0.7756	-0.0327
0.9235	-0.0149
0.7782	-0.0327
0.9184	-0.0225
0.7654	-0.0454
0.9261	-0.0149
0.7756	-0.0302
0.9184	-0.0149
0.7654	-0.0454
0.9082	-0.0200
0.7807	-0.0327
0.9108	-0.0276
0.7654	-0.0429
0.9159	-0.0200
0.7731	-0.0378
0.9159	-0.0225
0.7705	-0.0454
0.9184	-0.0123
0.7782	-0.0352
0.9261	-0.0149
0.7654	-0.0429
0.9159	-0.0200
0.7654	-0.0403
0.9210	-0.0123
0.7731	-0.0327
0.9261	-0.0123
0.7731	-0.0352
0.9184	-0.0200
0.7731	-0.0403
0.9235	-0.0149
0.7731	-0.0352
0.9108	-0.0200
0.7731	-0.0352
0.9235	-0.0123
0.7731	-0.0378
0.9184	-0.0276
0.7680	-0.0403
0.9159	-0.0200
0.7807	-0.0327
0.9108	-0.0302
0.7731	-0.0378
0.9082	-0.0225
0.7807	-0.0378
0.9159	-0.0200
0.7807	-0.0327
0.9159	-0.0200
0.7731	-0.0454
0.9082	-0.0200
0.7807	-0.0327
0.9082	-0.0276
0.7731	-0.0378
0.9159	-0.0276
0.7654	-0.0429
0.9210	-0.0123
0.7782	-0.0327
0.9108	-0.0302
0.7731	-0.0378
0.9082	-0.0302
0.7654	-0.0429
0.9108	-0.0225
0.7731	-0.0378
0.9159	-0.0225
0.7731	-0.0378
0.9184	-0.0276
0.7705	-0.0378
0.9108	-0.0200
0.7731	-0.0378
0.9261	-0.0123
0.7807	-0.0327
0.9184	-0.0302
0.7731	-0.0327
0.9261	-0.0149
0.7731	-0.0352
0.9235	-0.0149
0.7731	-0.0403
0.9108	-0.0200
0.7782	-0.0403
0.9159	-0.0225
0.7731	-0.0378
0.9082	-0.0276
0.7731	-0.0403
0.9184	-0.0200
0.7731	-0.0403
0.9133	-0.0225
0.7680	-0.0429
0.9184	-0.0200
0.7731	-0.0352
0.9108	-0.0276
0.7705	-0.0429
0.9184	-0.0251
0.7807	-0.0327
0.9210	-0.0200
0.7807	-0.0302
0.9082	-0.0302
0.7731	-0.0352
0.9082	-0.0225
0.7654	-0.0454
0.9159	-0.0200
0.7756	-0.0327
0.9184	-0.0302
0.7731	-0.0403
0.9082	-0.0276
0.7731	-0.0378
0.9082	-0.0225
0.7731	-0.0378
0.9159	-0.0200
0.7731	-0.0352
0.9235	-0.0149
0.7782	-0.0327
0.9133	-0.0200
0.7654	-0.0429
0.9261	-0.0149
0.7705	-0.0378
0.9235	-0.0149
0.7731	-0.0327
0.9159	-0.0149
0.7807	-0.0327
0.9082	-0.0302
0.7680	-0.0429
0.9235	-0.0200
0.7731	-0.0403
0.9108	-0.0200
0.7654	-0.0429
0.9133	-0.0302
0.7807	-0.0302
0.9159	-0.0225
0.7782	-0.0327
0.9235	-0.0123
0.7654	-0.0378
0.9159	-0.0302
0.7680	-0.0352
0.9082	-0.0302
0.7731	-0.0378
0.9159	-0.0225
0.7731	-0.0403
0.9184	-0.0276
0.7731	-0.0352
0.9133	-0.0276
0.7731	-0.0327
0.9235	-0.0200
0.7705	-0.0378
0.9184	-0.0200
0.7731	-0.0352
0.9235	-0.0225
0.7654	-0.0429
0.9108	-0.0302
0.7731	-0.0378
0.9184	-0.0276
0.7782	-0.0327
0.9159	-0.0200
0.7807	-0.0378
0.9159	-0.0200
0.7731	-0.0429
0.9159	-0.0200
0.7731	-0.0327
0.9159	-0.0302
0.7807	-0.0327
0.9082	-0.0276
0.7731	-0.0352
0.9108	-0.0276
0.7731	-0.0378
0.9159	-0.0225
0.7731	-0.0378
0.9159	-0.0225
0.7680	-0.0429
0.9159	-0.0123
0.7807	-0.0378
0.9235	-0.0225
0.7807	-0.0302
0.9184	-0.0174
0.7731	-0.0429
0.9235	-0.0149
0.7731	-0.0429
0.9159	-0.0225
0.7731	-0.0378
0.9184	-0.0225
0.7731	-0.0403
0.9235	-0.0123
0.7731	-0.0378
0.9082	-0.0276
0.7731	-0.0378
0.9184	-0.0225
0.7731	-0.0378
0.9108	-0.0200
0.7731	-0.0378
0.9184	-0.0200
0.7731	-0.0352
0.9082	-0.0225
0.7731	-0.0378
0.9184	-0.0225
0.7654	-0.0429
0.9184	-0.0225
0.7731	-0.0378
0.9184	-0.0302
0.7731	-0.0352
0.9184	-0.0200
0.7705	-0.0403
0.9235	-0.0123
0.7731	-0.0403
0.9184	-0.0200
0.7807	-0.0378
0.9235	-0.0149
0.7807	-0.0327
0.9159	-0.0200
0.7731	-0.0352
0.9184	-0.0200
0.7731	-0.0429
0.9184	-0.0276
0.7731	-0.0378
0.9159	-0.0200
0.7807	-0.0327
0.9159	-0.0200
0.7654	-0.0352
0.9184	-0.0200
0.7731	-0.0378
0.9159	-0.0200
0.7782	-0.0327
0.9184	-0.0200
0.7654	-0.0429
0.9082	-0.0276
0.7731	-0.0327
0.9184	-0.0149
0.7756	-0.0403
0.9082	-0.0276
0.7731	-0.0378
0.9108	-0.0149
0.7654	-0.0429
0.9108	-0.0200
0.7680	-0.0429
0.9108	-0.0251
0.7731	-0.0403
0.9159	-0.0225
0.7756	-0.0327
0.9108	-0.0149
0.7731	-0.0429
0.9235	-0.0149
0.7731	-0.0403
0.9235	-0.0149
0.7731	-0.0378
0.9159	-0.0200
0.7731	-0.0352
0.9133	-0.0302
0.7680	-0.0429
0.9082	-0.0276
0.7654	-0.0429
0.9159	-0.0225
0.7807	-0.0352
0.9159	-0.0225
0.7833	-0.0302
0.9235	-0.0149
0.7680	-0.0480
0.9184	-0.0200
0.7756	-0.0327
0.9159	-0.0174
0.7654	-0.0429
0.9184	-0.0200
0.7654	-0.0429
0.9159	-0.0276
0.7731	-0.0378
0.9108	-0.0276
0.7654	-0.0429
0.9184	-0.0225
0.7654	-0.0429
0.9159	-0.0225
0.7731	-0.0327
0.9235	-0.0225
0.7782	-0.0327
0.9082	-0.0276
0.7731	-0.0378
0.9235	-0.0149
0.7756	-0.0352
0.9082	-0.0302
0.7731	-0.0352
0.9235	-0.0149
0.7807	-0.0327
0.9210	-0.0200
0.7731	-0.0403
0.9210	-0.0200
0.7731	-0.0454
0.9133	-0.0149
0.7731	-0.0378
0.9159	-0.0149
0.7654	-0.0429
0.9082	-0.0276
0.7731	-0.0378
0.9184	-0.0123
0.7807	-0.0327
0.9108	-0.0276
0.7807	-0.0302
0.9133	-0.0149
0.7731	-0.0429
0.9184	-0.0174
0.7731	-0.0378
0.9082	-0.0200
0.7782	-0.0327
0.9108	-0.0225
0.7731	-0.0378
0.9133	-0.0200
0.7731	-0.0302
0.9159	-0.0174
0.7731	-0.0378
0.9159	-0.0200
0.7680	-0.0378
0.9159	-0.0251
0.7731	-0.0352
0.9082	-0.0200
0.7731	-0.0429
0.9108	-0.0302
0.7731	-0.0378
0.9159	-0.0200
0.7731	-0.0352
0.9210	-0.0149
0.7731	-0.0429
0.9082	-0.0225
0.7654	-0.0429
0.9108	-0.0276
0.7756	-0.0378
0.9108	-0.0302
0.7782	-0.0302
0.9082	-0.0200
0.7807	-0.0327
0.9210	-0.0149
0.7731	-0.0429
0.9159	-0.0225
0.7756	-0.0378
0.9159	-0.0200
0.7731	-0.0352
0.9261	-0.0149
0.7680	-0.0378
0.9159	-0.0225
0.7731	-0.0378
0.9210	-0.0149
0.7782	-0.0352
0.9184	-0.0149
0.7731	-0.0352
0.9159	-0.0276
0.7807	-0.0352
0.9133	-0.0276
0.7705	-0.0378
0.9261	-0.0149
0.7680	-0.0429
0.9159	-0.0225
0.7680	-0.0454
0.9057	-0.0276
0.7680	-0.0454
0.9108	-0.0200
0.7731	-0.0378
0.9159	-0.0200
0.7731	-0.0378
0.9184	-0.0200
0.7680	-0.0429
0.9184	-0.0200
0.7654	-0.0352
0.9159	-0.0200
0.7807	-0.0302
0.9133	-0.0276
0.7782	-0.0352
0.9108	-0.0200
0.7680	-0.0429
0.9159	-0.0149
0.7731	-0.0378
0.9184	-0.0200
0.7731	-0.0429
0.9184	-0.0200
0.7807	-0.0327
0.9159	-0.0200
0.7807	-0.0302
0.9133	-0.0149
0.7705	-0.0429
0.9108	-0.0251
0.7680	-0.0429
0.9108	-0.0123
0.7807	-0.0302
0.9082	-0.0225
0.7782	-0.0327
0.9235	-0.0200
0.7807	-0.0327
0.9184	-0.0149
0.7705	-0.0327
0.9184	-0.0276
0.7731	-0.0403
0.9082	-0.0276
0.7782	-0.0327
0.9184	-0.0200
0.7731	-0.0378
0.9184	-0.0149
0.7756	-0.0352
0.9235	-0.0200
0.7731	-0.0378
0.9159	-0.0200
0.7807	-0.0327
0.9108	-0.0251
0.7756	-0.0378
0.9159	-0.0276
0.7782	-0.0403
0.9159	-0.0225
0.7731	-0.0429
0.9159	-0.0225
0.7807	-0.0403
0.9082	-0.0276
0.7782	-0.0327
0.9159	-0.0200
0.7705	-0.0378
0.9184	-0.0149
0.7731	-0.0378
0.9159	-0.0276
0.7680	-0.0429
0.9082	-0.0276
0.7731	-0.0403
0.9184	-0.0149
0.7756	-0.0403
0.9082	-0.0302
0.7731	-0.0302
0.9082	-0.0225
0.7680	-0.0403
0.9210	-0.0225
0.7705	-0.0378
0.9159	-0.0225
0.7680	-0.0429
0.9159	-0.0200
0.7731	-0.0302
0.9159	-0.0276
0.7756	-0.0352
0.9133	-0.0200
0.7756	-0.0352
0.9133	-0.0200
0.7756	-0.0429
0.9133	-0.0200
0.7756	-0.0302
0.9210	-0.0149
0.7731	-0.0302
0.9159	-0.0200
0.7731	-0.0378
0.9235	-0.0200
0.7705	-0.0352
0.9082	-0.0276
0.7654	-0.0429
0.9159	-0.0200
0.7756	-0.0352
0.9159	-0.0200
0.7807	-0.0352
0.9159	-0.0200
0.7807	-0.0327
0.9159	-0.0200
0.7731	-0.0403
0.9210	-0.0149
0.7705	-0.0352
0.9082	-0.0302
0.7756	-0.0378
0.9082	-0.0225
0.7731	-0.0378
0.9159	-0.0149
0.7731	-0.0327
0.9235	-0.0149
0.7680	-0.0429
0.9108	-0.0276
0.7654	-0.0454
0.9082	-0.0276
0.7731	-0.0378
0.9210	-0.0149
0.7680	-0.0429
0.9235	-0.0225
0.7807	-0.0327
0.9184	-0.0149
0.7731	-0.0327
0.9159	-0.0225
0.7782	-0.0327
0.9082	-0.0276
0.7731	-0.0378
0.9235	-0.0149
0.7731	-0.0378
0.9082	-0.0276
0.7731	-0.0454
0.9184	-0.0225
0.7807	-0.0403
0.9133	-0.0200
0.7833	-0.0302
0.9210	-0.0149
0.7731	-0.0454
0.9184	-0.0225
0.7731	-0.0378
0.9082	-0.0200
0.7807	-0.0378
0.9159	-0.0149
0.7731	-0.0302
0.9082	-0.0200
0.7731	-0.0378
0.9184	-0.0149
0.7807	-0.0352
0.9108	-0.0200
0.7731	-0.0302
0.9235	-0.0200
0.7680	-0.0352
0.9235	-0.0123
0.7731	-0.0378
0.9159	-0.0200
0.7731	-0.0378
0.9184	-0.0276
0.7680	-0.0429
0.9159	-0.0200
0.7705	-0.0429
0.9210	-0.0149
0.7807	-0.0327
0.9184	-0.0200
0.7731	-0.0378
0.9082	-0.0276
0.7731	-0.0403
0.9235	-0.0225
0.7654	-0.0429
0.9082	-0.0276
0.7807	-0.0403
0.9210	-0.0149
0.7807	-0.0302
0.9057	-0.0225
0.7654	-0.0429
0.9082	-0.0276
0.7731	-0.0327
0.9159	-0.0149
0.7731	-0.0403
0.9210	-0.0149
0.7731	-0.0378
0.9159	-0.0225
0.7731	-0.0378
0.9159	-0.0200
0.7731	-0.0378
0.9159	-0.0251
0.7731	-0.0378
0.9210	-0.0200
0.7807	-0.0403
0.9082	-0.0276
0.7731	-0.0352
0.9108	-0.0225
0.7731	-0.0378
0.9133	-0.0200
0.7680	-0.0454
0.9082	-0.0200
0.7731	-0.0403
0.9082	-0.0276
0.7680	-0.0429
0.9082	-0.0302
0.7731	-0.0352
0.9133	-0.0200
0.7833	-0.0302
0.9082	-0.0200
0.7756	-0.0352
0.9108	-0.0276
0.7680	-0.0403
0.9159	-0.0225
0.7731	-0.0403
0.9133	-0.0200
0.7680	-0.0378
0.9159	-0.0200
0.7807	-0.0352
0.9184	-0.0123
0.7680	-0.0429
0.9108	-0.0225
0.7756	-0.0378
0.9184	-0.0149
0.7705	-0.0429
0.9184	-0.0149
0.7756	-0.0352
0.9159	-0.0200
0.7731	-0.0429
0.9159	-0.0225
0.7731	-0.0403
0.9159	-0.0225
0.7731	-0.0429
0.9184	-0.0276
0.7680	-0.0429
0.9159	-0.0225
0.7731	-0.0302
0.9159	-0.0149
0.7731	-0.0327
0.9159	-0.0225
0.7807	-0.0352
0.9159	-0.0225
0.7731	-0.0327
0.9235	-0.0149
0.7731	-0.0352
0.9108	-0.0276
0.7654	-0.0429
0.9159	-0.0200
0.7731	-0.0327
0.9159	-0.0200
0.7654	-0.0429
0.9210	-0.0149
0.7833	-0.0302
0.9210	-0.0149
0.7731	-0.0327
0.9159	-0.0200
0.7807	-0.0403
0.9133	-0.0200
0.7731	-0.0378
0.9108	-0.0200
0.7680	-0.0429
0.9108	-0.0276
0.7807	-0.0327
0.9159	-0.0276
0.7807	-0.0302
0.9184	-0.0149
0.7654	-0.0352
0.9159	-0.0225
0.7807	-0.0352
0.9108	-0.0200
0.7731	-0.0454
0.9210	-0.0200
0.7731	-0.0378
0.9133	-0.0200
0.7705	-0.0429
0.9108	-0.0200
0.7756	-0.0378
0.9184	-0.0149
0.7680	-0.0429
0.9133	-0.0200
0.7731	-0.0352
0.9082	-0.0302
0.7731	-0.0403
0.9082	-0.0200
0.7680	-0.0429
0.9133	-0.0200
0.7756	-0.0480
0.9108	-0.0225
0.7833	-0.0327
0.9133	-0.0200
0.7807	-0.0327
0.9133	-0.0225
0.7807	-0.0302
0.9159	-0.0200
0.7731	-0.0403
0.9159	-0.0225
0.7654	-0.0429
0.9159	-0.0200
0.7807	-0.0327
0.9159	-0.0225
0.7833	-0.0327
0.9133	-0.0200
0.7654	-0.0454
0.9108	-0.0276
0.7654	-0.0429
0.9159	-0.0276
0.7807	-0.0302
0.9159	-0.0276
0.7782	-0.0378
0.9159	-0.0200
0.7654	-0.0429
0.9184	-0.0200
0.7731	-0.0429
0.9133	-0.0200
0.7833	-0.0352
0.9184	-0.0123
0.7731	-0.0403
0.9133	-0.0200
0.7680	-0.0352
0.9184	-0.0200
0.7654	-0.0378
0.9184	-0.0200
0.7654	-0.0378
0.9210	-0.0149
0.7731	-0.0378
0.9210	-0.0123
0.7731	-0.0352
0.9133	-0.0149
0.7756	-0.0352
0.9184	-0.0149
0.7680	-0.0429
0.9184	-0.0149
0.7680	-0.0429
0.9133	-0.0149
0.7731	-0.0403
0.9159	-0.0200
0.7731	-0.0429
0.9082	-0.0276
0.7680	-0.0429
0.9184	-0.0149
0.7833	-0.0302
0.9184	-0.0149
0.7731	-0.0378
0.9082	-0.0276
0.7731	-0.0352
0.9082	-0.0276
0.7807	-0.0403
0.9184	-0.0200
0.7756	-0.0429
0.9057	-0.0276
0.7680	-0.0378
0.9133	-0.0149
0.7807	-0.0327
0.9082	-0.0200
0.7756	-0.0429
0.9184	-0.0123
0.7680	-0.0378
0.9235	-0.0174
0.7731	-0.0403
0.9108	-0.0276
0.7782	-0.0327
0.9235	-0.0149
0.7833	-0.0302
0.9159	-0.0149
0.7807	-0.0378
0.9082	-0.0276
0.7731	-0.0352
0.9133	-0.0149
0.7731	-0.0378
0.9082	-0.0276
0.7680	-0.0378
0.9159	-0.0200
0.7731	-0.0429
0.9133	-0.0123
0.7731	-0.0403
0.9184	-0.0149
0.7731	-0.0378
0.9159	-0.0200
0.7731	-0.0454
0.9210	-0.0123
0.7680	-0.0378
0.9159	-0.0200
0.7731	-0.0403
0.9082	-0.0276
0.7731	-0.0429
0.9159	-0.0200
0.7731	-0.0403
0.9133	-0.0200
0.7680	-0.0352
0.9184	-0.0149
0.7807	-0.0327
0.9082	-0.0200
0.7756	-0.0352
0.9184	-0.0149
0.7680	-0.0454
0.9108	-0.0225
0.7680	-0.0429
0.9159	-0.0225
0.7654	-0.0429
0.9082	-0.0276
0.7731	-0.0429
0.9184	-0.0200
0.7731	-0.0352
0.9133	-0.0174
0.7731	-0.0327
0.9184	-0.0149
0.7680	-0.0429
0.9210	-0.0149
0.7731	-0.0352
0.9184	-0.0174
0.7731	-0.0352
0.9108	-0.0200
0.7680	-0.0403
0.9210	-0.0149
0.7731	-0.0352
0.9133	-0.0200
0.7731	-0.0378
0.9235	-0.0149
0.7654	-0.0352
0.9210	-0.0123
0.7680	-0.0429
0.9133	-0.0149
0.7807	-0.0378
0.9108	-0.0200
0.7731	-0.0352
0.9159	-0.0200
0.7807	-0.0302
0.9082	-0.0276
0.7680	-0.0429
0.9108	-0.0200
0.7807	-0.0327
0.9082	-0.0302
0.7680	-0.0429
0.9159	-0.0200
0.7807	-0.0327
0.9133	-0.0200
0.7807	-0.0327
0.9082	-0.0276
0.7654	-0.0352
0.9057	-0.0200
0.7807	-0.0302
0.9184	-0.0149
0.7756	-0.0352
0.9108	-0.0276
0.7680	-0.0429
0.9235	-0.0225
0.7654	-0.0454
0.9159	-0.0200
0.7807	-0.0327
0.9133	-0.0200
0.7680	-0.0429
0.9108	-0.0200
0.7680	-0.0429
0.9057	-0.0276
0.7731	-0.0429
0.9108	-0.0200
0.7731	-0.0352
0.9133	-0.0200
0.7731	-0.0327
0.9133	-0.0149
0.7680	-0.0429
0.9184	-0.0200
0.7731	-0.0352
0.9133	-0.0200
0.7756	-0.0403
0.9082	-0.0276
0.7756	-0.0429
0.9082	-0.0251
0.7731	-0.0378
0.9133	-0.0200
0.7731	-0.0352
0.9108	-0.0276
0.7756	-0.0429
0.9082	-0.0302
0.7807	-0.0403
0.9184	-0.0149
0.7731	-0.0327
0.9184	-0.0149
0.7680	-0.0429
0.9133	-0.0276
0.7731	-0.0403
0.9159	-0.0200
0.7731	-0.0352
0.9159	-0.0200
0.7807	-0.0378
0.9082	-0.0276
0.7680	-0.0429
0.9159	-0.0276
0.7731	-0.0429
0.9057	-0.0200
0.7680	-0.0429
0.9082	-0.0276
0.7756	-0.0403
0.9108	-0.0200
0.7705	-0.0429
0.9184	-0.0149
0.7680	-0.0429
0.9159	-0.0276
0.7807	-0.0352
0.9159	-0.0149
0.7654	-0.0429
0.9159	-0.0302
0.7680	-0.0429
0.9159	-0.0200
0.7807	-0.0327
0.9057	-0.0276
0.7680	-0.0429
0.9184	-0.0200
0.7731	-0.0352
0.9082	-0.0276
0.7731	-0.0429
0.9108	-0.0225
0.7680	-0.0429
0.9159	-0.0200
0.7807	-0.0403
0.9108	-0.0225
0.7680	-0.0429
0.9184	-0.0149
0.7756	-0.0429
0.9108	-0.0276
0.7756	-0.0378
0.9108	-0.0276
0.7731	-0.0302
0.9159	-0.0302
0.7731	-0.0378
0.9082	-0.0200
0.7807	-0.0352
0.9184	-0.0123
0.7807	-0.0327
0.9108	-0.0225
0.7680	-0.0429
0.9133	-0.0225
0.7680	-0.0352
0.9082	-0.0276
0.7680	-0.0429
0.9082	-0.0200
0.7680	-0.0454
0.9159	-0.0200
0.7782	-0.0327
0.9082	-0.0276
0.7807	-0.0302
0.9235	-0.0149
0.7731	-0.0403
0.9082	-0.0302
0.7705	-0.0429
0.9057	-0.0276
0.7731	-0.0378
0.9108	-0.0302
0.7833	-0.0302
0.9159	-0.0200
0.7731	-0.0352
0.9082	-0.0200
0.7807	-0.0327
0.9159	-0.0200
0.7654	-0.0429
0.9159	-0.0225
0.7731	-0.0429
0.9082	-0.0276
0.7731	-0.0403
0.9184	-0.0149
0.7680	-0.0454
0.9108	-0.0200
0.7756	-0.0352
0.9184	-0.0200
0.7756	-0.0378
0.9184	-0.0149
0.7680	-0.0429
0.9133	-0.0200
0.7731	-0.0352
0.9108	-0.0200
0.7833	-0.0327
0.9108	-0.0123
0.7680	-0.0429
0.9184	-0.0123
0.7731	-0.0378
0.9108	-0.0200
0.7731	-0.0327
0.9082	-0.0200
0.7731	-0.0302
0.9184	-0.0149
0.7680	-0.0429
0.9133	-0.0225
0.7807	-0.0327
0.9082	-0.0200
0.7756	-0.0378
0.9057	-0.0251
0.7731	-0.0429
0.9057	-0.0200
0.7756	-0.0352
0.9108	-0.0225
0.7833	-0.0302
0.9235	-0.0251
0.7680	-0.0429
