0.4824	-0.1015
-0.2775	-0.7440
0.7654	0.2120
0.0872	-0.7695
0.2962	0.3752
-0.2545	-0.6904
1.0102	0.1458
1.5763	-0.2851
1.4998	-0.3947
1.4004	-0.5732
0.8088	-0.3233
0.3753	0.2018
0.0821	-0.4024
-0.3489	0.0208
0.2937	-0.0888
-0.0888	-0.6624
1.1479	0.0999
1.1479	-0.1500
0.7195	-0.1143
1.4233	0.0310
1.2346	-0.3463
0.6532	-0.1474
1.5661	-0.0837
1.4284	-0.2749
1.2958	-0.5375
0.3880	0.0183
-0.0097	-0.6114
1.2984	0.1126
1.1479	-0.2341
0.5793	-0.0429
-0.2979	-0.7236
0.7705	0.2171
0.0897	-0.7695
0.3192	0.3854
-0.2724	-0.6777
1.0179	0.1381
1.5508	-0.1296
1.4259	-0.3157
1.2729	-0.5579
0.3064	0.0820
-0.0046	-0.4788
0.6583	-0.3208
0.7450	0.0310
-0.4483	-0.2316
1.5840	0.0208
1.5177	-0.2392
1.4157	-0.4406
1.1760	-0.5477
-0.0939	0.3166
-0.1423	-0.5451
1.5381	-0.7057
0.4773	-0.0760
-0.1831	-0.7644
0.7246	0.2197
0.5002	0.2554
0.8674	-0.4967
-0.2469	0.4466
-0.4330	0.1330
1.5993	0.0310
1.5381	-0.3565
1.4590	-0.4916
1.2601	-0.6038
0.0336	0.2452
-0.2902	-0.4610
0.9592	-0.5732
-0.4636	0.2656
1.5585	-0.5732
1.1938	-0.6165
-0.2265	0.3268
0.2988	0.2656
-0.3387	-0.6089
1.2550	0.1636
1.2244	-0.1551
0.8241	-0.2341
0.6481	0.0336
-0.1857	-0.8077
0.5232	0.3064
1.0434	-0.6242
-0.4891	0.1738
1.1785	0.2707
0.9057	-0.4355
-0.0964	0.4058
1.4182	0.0463
1.2295	-0.3233
0.6430	-0.1474
1.5967	-0.3539
1.5024	-0.5247
1.2907	-0.6369
0.0693	0.2120
-0.0658	-0.1959
-0.3055	-0.4686
1.4463	-0.8179
-0.1372	0.2554
-0.2163	-0.4355
-0.0531	0.0922
-0.1933	-0.2443
-0.3922	-0.2825
0.6277	-0.3106
0.8394	0.0004
1.4973	-0.0505
1.3545	-0.3335
1.0612	-0.4636
-0.0811	0.3446
-0.1449	-0.5834
1.6095	-0.2137
1.5151	-0.4483
1.3978	-0.5936
0.7221	-0.2647
0.7527	0.0055
0.0668	0.1024
-0.1398	-0.3131
-0.3973	-0.2953
1.1352	-0.7108
-0.5401	-0.1296
0.8623	0.2707
0.1534	0.4772
-0.2469	0.1483
-0.0964	0.0030
-0.2647	-0.3029
-0.3183	0.0004
-0.1092	0.0463
-0.2571	-0.2570
-0.3718	-0.1245
0.0948	0.0183
-0.1347	-0.4228
-0.3591	0.0132
0.1279	-0.0098
-0.1143	-0.4636
-0.1143	0.1279
-0.2316	-0.1729
-0.3795	-0.2953
0.2223	-0.0276
-0.0633	-0.5400
1.2729	-0.7695
-0.4152	0.2554
1.6299	-0.3080
1.0944	-0.5834
-0.3540	0.3574
0.7731	-0.3335
0.3472	0.2273
0.0617	-0.3692
-0.4254	-0.4712
1.4310	0.1585
1.3392	-0.1806
1.0791	-0.4279
0.0540	0.2911
-0.2520	-0.4967
0.8980	-0.5298
-0.3693	0.4185
1.5304	-0.3284
1.4488	-0.4712
1.2474	-0.5910
0.0285	0.2426
-0.0633	-0.1423
-0.2928	-0.4585
0.8266	-0.4814
-0.1959	0.4491
-0.5503	-0.4636
0.4008	0.5001
1.3111	0.0412
1.1097	-0.3055
0.4237	0.0667
0.0387	-0.5885
1.3800	0.1024
1.2117	-0.2774
0.7042	-0.1678
1.2040	-0.0149
0.9516	-0.2316
0.4798	0.0999
0.0642	-0.5936
1.2729	0.0922
1.1224	-0.2443
0.5436	-0.0098
-0.0990	-0.7695
0.6201	0.2528
0.1917	-0.5528
1.1097	0.0412
1.0408	-0.1755
0.6226	-0.0123
-0.3259	-0.7363
0.7450	0.2299
0.1432	-0.7108
0.4390	0.2885
-0.4330	-0.1678
1.4616	-0.8230
-0.1959	0.2656
-0.1423	-0.4890
0.3396	-0.0837
-0.0837	-0.7032
0.9694	0.1024
1.4973	-0.0607
1.3570	-0.3361
1.0281	-0.4508
-0.0684	0.3599
-0.1245	-0.5808
1.5840	-0.1219
1.4998	-0.3157
1.3978	-0.5094
0.9898	-0.4610
-0.1500	0.3854
1.3800	0.0412
1.1862	-0.3335
0.5589	-0.0480
-0.2647	-0.7695
0.6838	0.2426
0.1840	-0.6344
0.7374	0.1305
-0.0837	-0.8307
0.3166	0.3931
-0.2979	-0.6955
0.9439	0.1560
0.0795	0.1152
-0.1270	-0.3131
-0.4050	-0.3769
1.4667	-0.8026
-0.0913	0.2579
-0.0709	-0.0582
-0.2724	-0.3871
-0.1423	0.1024
-0.2392	-0.1678
-0.3693	-0.2392
0.1024	0.0285
-0.1372	-0.4279
-0.4101	-0.0505
0.3753	-0.1372
-0.1806	-0.7669
0.7246	0.2018
0.1050	-0.7440
0.4084	0.3013
-0.4203	-0.5502
1.2295	0.1891
1.2627	-0.1219
0.9592	-0.3208
0.2350	0.2350
0.0183	-0.2698
-0.3157	-0.6038
1.3698	0.1509
1.2474	-0.2112
0.8674	-0.2876
0.4059	0.1713
0.0770	-0.4534
0.1687	0.0387
-0.0990	-0.4483
-0.3055	0.0897
-0.1041	0.0208
-0.2622	-0.2876
-0.3897	-0.1168
0.1203	0.0106
-0.1270	-0.4534
-0.3132	0.0897
-0.1092	0.0285
-0.2673	-0.2876
-0.3999	-0.1398
0.2019	-0.0149
-0.0735	-0.5247
0.6736	-0.3463
0.5665	0.1075
0.0770	-0.6752
0.8343	0.0999
-0.3948	0.0795
0.6889	-0.3871
0.3421	0.2426
-0.3795	-0.6038
1.2295	0.1738
1.2295	-0.1474
0.8955	-0.2647
0.4135	0.1560
0.0744	-0.4686
0.4314	-0.1245
-0.2469	-0.7771
0.7119	0.2171
0.1534	-0.6904
0.5283	0.2248
0.1738	-0.4890
1.5636	-0.1423
1.4743	-0.3259
1.3545	-0.5222
0.7323	-0.2469
0.8088	-0.0123
1.5763	-0.2519
1.4922	-0.3871
1.3800	-0.5681
0.7017	-0.2392
0.9261	-0.0352
1.0714	-0.0939
0.7731	-0.1143
1.1938	-0.0352
0.9261	-0.2265
0.5181	0.0922
0.0591	-0.6395
1.0204	0.0693
1.2091	-0.0709
0.8955	-0.2392
0.5130	0.1024
0.0744	-0.6216
1.0995	0.0744
1.0995	-0.1398
0.6813	-0.0888
1.2219	-0.7236
-0.4356	0.2222
1.5177	0.1865
1.4896	-0.1729
1.3621	-0.4304
1.0128	-0.4559
-0.1219	0.3752
-0.3795	-0.6140
1.0179	0.1738
1.3927	-0.7491
-0.0301	0.2324
-0.0964	-0.1168
-0.2928	-0.4177
0.2937	-0.0505
-0.0709	-0.6293
1.3468	0.1075
1.2015	-0.2545
0.6864	-0.1474
1.3851	0.0234
1.2015	-0.3259
0.5257	-0.0429
-0.1500	-0.7822
0.6252	0.2452
1.0128	0.0463
1.1479	-0.1015
0.8037	-0.1755
0.8853	-0.0531
1.0867	-0.0786
0.8088	-0.1270
1.0612	-0.0556
0.8470	-0.1296
0.9592	-0.0684
0.9108	-0.1015
0.8955	-0.0735
0.9873	-0.0939
0.8266	-0.0913
1.1122	-0.0556
0.8470	-0.1678
0.8088	-0.0429
1.3672	0.0183
1.1607	-0.3488
0.4212	0.0387
0.0132	-0.6140
1.2550	0.1075
1.1122	-0.2316
0.5589	-0.0276
-0.1729	-0.7950
0.6099	0.2758
1.2754	0.0744
1.0944	-0.2545
0.4824	0.0387
0.0285	-0.6599
0.9847	0.0897
1.3774	-0.0098
1.1709	-0.3718
0.4186	0.0412
0.0107	-0.6191
1.2448	0.1075
1.1097	-0.2239
0.5742	-0.0149
-0.1729	-0.7950
0.5895	0.2681
1.3162	0.0744
1.1530	-0.2749
0.5206	-0.0021
-0.0607	-0.7465
0.7017	0.1942
0.1228	-0.7057
0.5589	0.2248
0.1713	-0.5145
1.4488	0.0565
1.2958	-0.2774
0.9082	-0.3488
0.1840	0.2911
-0.2520	-0.5783
1.5610	-0.0200
1.4539	-0.2418
1.3443	-0.4967
0.7527	-0.2723
0.6660	0.0387
-0.2239	-0.8026
0.5283	0.3115
0.8700	-0.4916
-0.2265	0.4466
-0.5427	-0.3718
0.6991	0.3166
0.9184	0.0616
1.4514	-0.0021
1.2652	-0.3641
0.7399	-0.2341
0.8470	-0.0225
1.3366	0.0106
1.1097	-0.3310
0.3396	0.1254
0.0183	-0.4610
0.0132	0.0922
-0.1729	-0.2902
-0.3922	-0.3259
1.0689	-0.6675
-0.5401	-0.0480
0.8827	0.2656
0.0464	0.5307
-0.3412	0.4746
1.5355	-0.4381
1.4259	-0.5808
0.8470	-0.3718
0.1483	0.3064
-0.2265	-0.5604
1.6044	-0.2800
1.4769	-0.5783
1.0867	-0.5324
-0.2545	0.3727
-0.5529	-0.2672
0.5691	0.4109
1.5330	-0.0556
1.4131	-0.2698
1.2423	-0.5222
0.2529	0.1432
-0.0301	-0.3794
-0.4305	-0.2953
1.5610	-0.6752
0.4263	-0.0505
-0.0760	-0.7287
0.8470	0.1254
-0.4662	-0.4712
1.1658	0.1916
1.3698	-0.0531
1.1734	-0.3871
0.3549	0.0871
0.0209	-0.4967
0.9184	-0.5324
-0.3718	0.4083
1.5304	-0.2545
1.4361	-0.4202
1.2550	-0.5732
0.0948	0.2120
-0.0709	-0.2112
-0.3081	-0.5018
1.5381	-0.7134
0.3166	0.0361
-0.0199	-0.5451
1.4667	-0.7644
0.1024	0.1611
-0.0913	-0.2723
-0.3565	-0.5043
1.6044	-0.3412
1.3545	-0.6675
0.1891	0.1432
-0.0607	-0.3488
-0.4024	-0.4686
1.5610	0.0055
1.4769	-0.2545
1.3672	-0.4788
0.9006	-0.3922
0.0387	0.3548
-0.1729	-0.5349
1.3086	-0.7848
-0.4126	0.2426
1.6350	-0.2774
1.1734	-0.6293
-0.3157	0.3395
-0.5223	-0.1321
1.0459	0.2350
-0.1908	0.1687
-0.1321	-0.0327
-0.2953	-0.3131
-0.2749	0.0489
-0.2265	-0.0149
-0.3157	-0.1755
-0.3081	-0.0098
-0.2443	-0.0123
-0.3055	-0.1296
-0.3183	-0.0352
-0.2520	0.0106
-0.3030	-0.1117
-0.3234	-0.0480
-0.2571	0.0106
-0.3132	-0.1143
-0.3336	-0.0607
-0.2367	0.0387
-0.3055	-0.1219
-0.3591	-0.0913
-0.2214	0.0514
-0.3004	-0.1347
-0.3642	-0.1066
-0.1806	0.0718
-0.2877	-0.1729
-0.3795	-0.1551
-0.0480	0.0744
-0.2265	-0.2953
-0.4279	-0.3412
0.9694	-0.5859
-0.4993	0.2503
1.1530	0.2758
-0.4407	0.3268
1.4769	-0.1500
1.3443	-0.4151
0.9337	-0.3998
0.0056	0.3548
-0.1704	-0.5324
0.9771	-0.5910
-0.4815	0.2656
1.5534	-0.3259
1.4616	-0.4712
1.2448	-0.5885
0.0362	0.2528
-0.2928	-0.4585
0.7323	-0.3973
0.2095	0.3140
-0.2214	-0.6038
1.5253	0.0336
1.4106	-0.2316
1.2397	-0.5043
0.2988	0.0922
0.0005	-0.4534
-0.1933	0.1356
-0.2163	-0.0735
-0.3361	-0.2469
-0.1908	0.0795
-0.2698	-0.1500
-0.3744	-0.1831
-0.0684	0.0846
-0.2443	-0.2672
-0.4126	-0.2876
0.6252	-0.3259
0.7654	0.0208
-0.0633	0.1611
-0.1908	-0.1729
-0.3667	-0.3590
0.4518	-0.1882
-0.4840	-0.3182
1.4769	0.1305
1.3978	-0.1780
1.2346	-0.4559
0.3651	0.0693
0.0107	-0.5375
1.4080	-0.7669
-0.0888	0.2656
-0.0837	-0.0556
-0.2673	-0.3922
-0.2137	0.1126
-0.2571	-0.0786
-0.3489	-0.1959
-0.2163	0.0693
-0.2775	-0.1219
-0.3693	-0.1551
-0.1449	0.0820
-0.2724	-0.2035
-0.4075	-0.2290
0.1687	0.0106
-0.1015	-0.4814
-0.2367	0.1483
-0.2265	-0.0327
-0.3361	-0.2341
-0.3157	0.0310
-0.2545	0.0081
-0.3361	-0.1449
-0.3336	-0.0200
-0.2596	0.0234
-0.3157	-0.1117
-0.3591	-0.0658
-0.2494	0.0387
-0.3234	-0.1219
-0.3667	-0.0862
-0.2188	0.0667
-0.3030	-0.1347
-0.3769	-0.1296
-0.1627	0.0922
-0.2800	-0.1882
-0.4024	-0.2188
0.1152	0.0208
-0.1245	-0.4228
-0.4611	-0.2239
1.2729	-0.7975
-0.5121	0.1075
1.3264	0.2350
1.4259	-0.1168
1.2754	-0.4100
0.6456	-0.1704
1.4182	0.0157
1.2448	-0.3284
0.6838	-0.1729
1.2244	-0.0123
0.9949	-0.2570
0.4059	0.1356
0.0591	-0.4788
0.6201	-0.2800
0.9592	-0.0327
1.0255	-0.1143
0.7629	-0.0837
1.4310	0.0055
1.2499	-0.3386
0.6864	-0.1882
1.1428	-0.0276
0.9082	-0.1984
0.6201	0.0310
-0.1245	-0.8052
0.4951	0.3064
-0.1653	0.1560
-0.2112	-0.0964
-0.3463	-0.2749
-0.1296	0.0871
-0.2545	-0.2061
-0.3948	-0.2545
0.2478	-0.0429
-0.0556	-0.5732
1.5789	-0.3616
1.3672	-0.6420
0.4467	-0.0302
-0.0480	-0.7185
0.8317	0.1305
-0.4279	-0.6599
0.8368	0.2171
-0.0174	-0.8307
0.1177	0.5154
0.8292	0.0259
1.5483	-0.4916
1.2627	-0.6318
-0.0454	0.2707
-0.2724	-0.4151
-0.0505	0.1024
-0.2061	-0.2545
-0.4050	-0.3565
0.8980	-0.5502
-0.4203	0.4083
1.4794	-0.1755
1.3672	-0.4126
1.0230	-0.4686
-0.1143	0.3803
-0.1219	-0.6955
1.0408	0.1075
1.2907	-0.0607
1.0357	-0.3233
0.2605	0.2120
-0.0021	-0.3131
-0.3565	-0.5885
1.3494	0.1534
1.2627	-0.1933
0.8955	-0.2953
0.3370	0.1942
0.0591	-0.3616
-0.4203	-0.4763
1.4208	0.1687
1.3264	-0.1882
1.0714	-0.3998
0.0617	0.2936
-0.2571	-0.4916
0.7425	-0.4075
0.1534	0.3268
-0.2061	-0.5706
1.5585	-0.5885
0.8266	-0.3692
0.1509	0.3319
-0.2137	-0.5579
1.4488	-0.7669
-0.0097	0.2324
-0.1321	-0.1449
-0.3132	-0.4279
0.3855	-0.1194
-0.1500	-0.7695
0.7221	0.1891
0.1050	-0.7465
0.3931	0.3319
-0.3285	-0.6955
1.0128	0.1458
1.5559	-0.3743
1.4361	-0.5604
0.9745	-0.4483
-0.1551	0.3982
1.5355	-0.0786
1.3953	-0.3131
1.2219	-0.5273
0.1738	0.1942
-0.0531	-0.2851
-0.3463	-0.5553
1.5126	0.0591
1.4055	-0.2239
1.2346	-0.4967
0.3447	0.0693
0.0107	-0.5094
0.9771	-0.5732
-0.4509	0.3166
1.5075	-0.1296
1.3723	-0.3794
1.0714	-0.4890
-0.1041	0.3574
-0.1143	-0.6012
1.5483	-0.0251
1.4335	-0.2570
1.2958	-0.5094
0.5079	-0.0607
-0.1729	-0.7848
0.6379	0.2426
0.1917	-0.5910
0.9975	0.0463
1.1938	-0.0786
0.8853	-0.2239
0.5844	0.0642
-0.0046	-0.7491
0.6201	0.2120
0.1738	-0.5834
1.0255	0.0540
1.1403	-0.1117
0.7884	-0.1551
0.9847	-0.0556
0.9031	-0.1015
0.9006	-0.0837
0.9643	-0.0913
0.8445	-0.0913
1.0587	-0.0786
0.8215	-0.1143
1.0281	-0.0709
0.8470	-0.1143
0.9898	-0.0760
0.8623	-0.1117
0.9822	-0.0760
0.8649	-0.0939
1.0000	-0.0786
0.8445	-0.1015
1.0204	-0.0811
0.8343	-0.1168
1.0230	-0.0633
0.8343	-0.1194
1.0051	-0.0684
0.8470	-0.1117
1.0000	-0.0760
0.8470	-0.1015
1.0102	-0.0735
0.8419	-0.1066
1.0306	-0.0658
0.8368	-0.1015
1.0255	-0.0633
0.8445	-0.1117
1.0000	-0.0811
0.8445	-0.1143
1.0000	-0.0735
0.8547	-0.1066
1.0179	-0.0735
0.8470	-0.0990
1.0230	-0.0709
0.8343	-0.1143
1.0102	-0.0760
0.8368	-0.1143
1.0102	-0.0735
0.8547	-0.1015
1.0102	-0.0760
0.8470	-0.1143
1.0153	-0.0837
0.8470	-0.1015
1.0179	-0.0709
0.8419	-0.1092
1.0179	-0.0709
0.8496	-0.1015
1.0179	-0.0709
0.8419	-0.1143
1.0102	-0.0709
0.8470	-0.1041
1.0102	-0.0709
0.8445	-0.1092
1.0102	-0.0811
0.8470	-0.1092
1.0204	-0.0684
0.8521	-0.1015
1.0051	-0.0735
0.8470	-0.1066
1.0077	-0.0709
0.8470	-0.1066
1.0179	-0.0735
0.8419	-0.1143
1.0179	-0.0684
0.8368	-0.1143
1.0077	-0.0760
0.8547	-0.1015
1.0179	-0.0709
0.8470	-0.1066
1.0128	-0.0760
0.8470	-0.1066
1.0153	-0.0684
0.8394	-0.1143
1.0179	-0.0709
0.8445	-0.1066
1.0102	-0.0735
0.8521	-0.1015
1.0077	-0.0709
0.8470	-0.1066
1.0077	-0.0786
0.8419	-0.1117
1.0077	-0.0786
0.8368	-0.1092
1.0102	-0.0709
0.8470	-0.1041
1.0179	-0.0633
0.8445	-0.1117
1.0102	-0.0735
0.8419	-0.1117
1.0102	-0.0735
0.8419	-0.1143
1.0179	-0.0735
0.8419	-0.1041
1.0179	-0.0811
0.8470	-0.1066
1.0128	-0.0735
0.8521	-0.1015
1.0128	-0.0684
0.8470	-0.1041
1.0102	-0.0735
0.8470	-0.1092
1.0077	-0.0709
0.8419	-0.1143
1.0153	-0.0735
0.8419	-0.1143
1.0153	-0.0709
0.8419	-0.1143
1.0204	-0.0709
0.8419	-0.1143
1.0051	-0.0811
0.8496	-0.1066
1.0128	-0.0735
0.8470	-0.1092
1.0153	-0.0684
0.8521	-0.1066
1.0102	-0.0811
0.8368	-0.1041
1.0153	-0.0735
0.8419	-0.1143
1.0051	-0.0786
0.8470	-0.0990
1.0102	-0.0760
0.8419	-0.1143
1.0077	-0.0760
0.8470	-0.1066
1.0128	-0.0709
0.8419	-0.1092
1.0128	-0.0709
0.8521	-0.1015
1.0128	-0.0709
0.8547	-0.1015
1.0204	-0.0735
0.8470	-0.1117
1.0179	-0.0684
0.8470	-0.1092
1.0179	-0.0684
0.8419	-0.1117
1.0179	-0.0709
0.8547	-0.1015
1.0102	-0.0684
0.8470	-0.1041
1.0204	-0.0684
0.8470	-0.1041
1.0102	-0.0760
0.8470	-0.1092
1.0153	-0.0709
0.8521	-0.1092
1.0128	-0.0709
0.8496	-0.1092
1.0102	-0.0735
0.8496	-0.1041
1.0077	-0.0786
0.8521	-0.1015
1.0102	-0.0786
0.8394	-0.1092
1.0230	-0.0709
0.8521	-0.1015
1.0128	-0.0735
0.8470	-0.1041
1.0077	-0.0786
0.8470	-0.1066
1.0204	-0.0658
0.8419	-0.1143
1.0102	-0.0709
0.8470	-0.1092
1.0077	-0.0786
0.8547	-0.0964
1.0102	-0.0786
0.8496	-0.1041
1.0128	-0.0709
0.8470	-0.1066
1.0204	-0.0658
0.8547	-0.1092
1.0077	-0.0760
0.8470	-0.1092
1.0128	-0.0735
0.8470	-0.1143
1.0102	-0.0658
0.8496	-0.0990
1.0128	-0.0709
0.8496	-0.0990
1.0128	-0.0658
0.8419	-0.1041
1.0204	-0.0684
0.8470	-0.1117
1.0128	-0.0735
0.8547	-0.1015
1.0051	-0.0786
0.8547	-0.0990
1.0077	-0.0760
0.8470	-0.1015
1.0204	-0.0684
0.8470	-0.1041
1.0128	-0.0709
0.8419	-0.1117
1.0179	-0.0709
0.8470	-0.1041
1.0128	-0.0709
0.8572	-0.1015
1.0179	-0.0684
0.8547	-0.0990
1.0153	-0.0709
0.8419	-0.1117
1.0153	-0.0709
0.8470	-0.1092
1.0153	-0.0709
0.8470	-0.1041
1.0179	-0.0709
0.8419	-0.1117
1.0179	-0.0658
0.8496	-0.0990
1.0179	-0.0735
0.8547	-0.1015
1.0153	-0.0709
0.8470	-0.1066
1.0153	-0.0735
0.8496	-0.1066
1.0128	-0.0735
0.8445	-0.1143
1.0153	-0.0786
0.8419	-0.1143
1.0102	-0.0735
0.8547	-0.0990
1.0204	-0.0684
0.8445	-0.1143
1.0153	-0.0709
0.8547	-0.0964
1.0128	-0.0658
0.8496	-0.1041
1.0077	-0.0760
0.8470	-0.1117
1.0204	-0.0684
0.8470	-0.1066
1.0153	-0.0633
0.8470	-0.1092
1.0153	-0.0709
0.8470	-0.1066
1.0153	-0.0684
0.8470	-0.1066
1.0153	-0.0709
0.8470	-0.1066
1.0153	-0.0709
0.8470	-0.1041
1.0128	-0.0709
0.8572	-0.1015
1.0077	-0.0760
0.8496	-0.1066
1.0077	-0.0786
0.8445	-0.1143
1.0204	-0.0684
0.8445	-0.1117
1.0204	-0.0709
0.8547	-0.1015
1.0128	-0.0760
0.8419	-0.1117
1.0179	-0.0658
0.8470	-0.1041
1.0128	-0.0786
0.8496	-0.1041
1.0077	-0.0709
0.8445	-0.1117
1.0077	-0.0760
0.8470	-0.1066
1.0128	-0.0709
0.8496	-0.1143
1.0179	-0.0709
0.8496	-0.1041
1.0128	-0.0709
0.8547	-0.0990
1.0128	-0.0709
0.8496	-0.1066
1.0179	-0.0684
0.8496	-0.1041
1.0179	-0.0658
0.8496	-0.1066
1.0204	-0.0684
0.8445	-0.1041
1.0179	-0.0684
0.8496	-0.1015
1.0179	-0.0684
0.8572	-0.0990
1.0077	-0.0709
0.8496	-0.1117
1.0179	-0.0684
0.8496	-0.1066
1.0153	-0.0709
0.8496	-0.1041
1.0204	-0.0735
0.8419	-0.1117
1.0102	-0.0709
0.8547	-0.1066
1.0179	-0.0684
0.8547	-0.1015
1.0128	-0.0709
0.8470	-0.1092
1.0179	-0.0684
