0.2988	0.2248
0.3804	-0.2112
0.5971	0.1228
1.2040	-0.3463
-0.6217	-0.2112
1.3953	-0.2647
-0.4687	-0.4177
0.9924	0.2426
1.1785	0.0412
1.3060	-0.1653
0.2784	0.2120
0.3523	-0.2341
0.6048	0.1279
1.4463	0.0463
-0.5427	0.2936
-0.4866	-0.0327
-0.2392	-0.2519
-0.3744	-0.3463
0.8317	-0.2061
-0.2902	0.4848
-0.3769	0.1789
-0.2622	-0.0658
-0.0021	-0.2188
-0.6039	-0.0709
-0.5401	-0.1627
-0.4152	-0.3004
-0.5835	-0.1347
-0.4993	-0.2112
-0.4687	-0.2876
-0.5911	-0.1015
-0.4789	-0.2418
-0.4585	-0.2953
-0.6115	0.0106
-0.4509	-0.2265
-0.3565	-0.3361
-0.3540	0.3956
-0.4075	0.0795
-0.2112	-0.1500
0.0438	-0.2927
1.1326	0.2248
1.2346	0.0208
1.3366	-0.1449
0.0387	0.3344
0.0285	0.0973
0.1764	-0.1194
-0.6192	0.0004
-0.5172	-0.1653
-0.3769	-0.3106
-0.6064	0.0106
-0.4585	-0.2137
-0.3667	-0.3284
-0.4611	0.3625
-0.4560	-0.0251
-0.1831	-0.2316
-0.1653	-0.4024
1.0536	0.2120
1.2040	-0.0098
1.2550	-0.2367
-0.3514	0.4364
-0.4101	0.1101
-0.2341	-0.1347
0.0158	-0.2825
1.2729	0.2834
1.3978	0.0310
0.2529	0.2044
0.3396	-0.1984
0.8266	0.0387
0.9363	-0.1066
0.3727	0.1789
0.3574	-0.3157
-0.2214	0.5307
-0.2877	0.2426
-0.2571	0.0132
-0.0352	-0.1296
0.0515	-0.3590
0.7833	0.0922
1.0587	-0.0531
0.8521	-0.1423
0.0897	0.3625
0.0795	0.0744
0.2325	-0.1857
1.0867	0.1687
1.2321	-0.0964
1.0281	-0.2418
-0.4764	0.4185
-0.4713	0.0871
-0.2724	-0.1882
-0.0964	-0.3361
1.2015	0.2936
1.2984	0.1483
1.3647	0.0667
1.3800	-0.1908
-0.4840	0.3650
-0.4687	0.0030
-0.2341	-0.2290
-0.2214	-0.3743
1.2729	0.3217
1.4131	0.0463
0.2784	0.2018
0.3574	-0.2341
0.5461	0.1560
-0.4636	-0.3361
1.1607	-0.3565
-0.6217	-0.2469
1.4412	0.2350
-0.6217	0.0489
-0.5401	0.0310
-0.3591	-0.2265
-0.3030	-0.3488
0.8547	-0.2010
-0.3361	0.4874
-0.4075	0.1611
-0.2775	-0.1066
-0.0072	-0.2469
0.1891	0.2299
0.2733	-0.1143
1.4259	0.0106
-0.5784	0.2707
-0.5095	-0.0429
-0.2775	-0.2698
-0.4203	-0.3361
0.0158	0.3166
-0.0123	0.0999
0.1279	-0.0913
-0.0505	-0.4202
0.7221	0.1305
1.1301	0.1101
1.2729	-0.1296
0.7756	-0.1296
0.2121	0.3064
0.2656	-0.0633
-0.6039	0.0642
-0.4891	-0.1551
-0.3183	-0.3055
-0.5911	0.1432
-0.4560	-0.1729
-0.2418	-0.3208
-0.1551	0.3905
-0.2596	0.1534
-0.1653	-0.0276
0.0617	-0.1653
-0.4381	-0.3616
1.1913	-0.3310
-0.6319	-0.2265
1.4386	-0.0480
-0.5427	-0.3361
1.3341	0.3268
0.2758	0.1942
0.3549	-0.2239
0.6175	0.1126
1.3137	0.2707
1.4055	0.0897
0.8904	-0.2061
-0.3591	0.4670
-0.4050	0.1509
-0.2571	-0.1117
-0.0021	-0.2723
1.4233	-0.1270
-0.6243	-0.1296
-0.0633	0.3242
-0.0990	0.1152
0.0081	-0.0480
0.1917	-0.2800
0.8368	0.0616
1.0000	-0.1117
0.4365	0.1330
0.0999	-0.4100
0.1738	0.4007
0.2121	0.0285
0.2274	-0.3463
0.1636	0.3880
0.1942	0.0234
0.2376	-0.3437
0.2019	0.3650
0.2452	-0.0098
0.0132	-0.4100
0.5257	0.2069
0.2248	-0.4151
-0.3769	0.5588
-0.3616	0.2707
-0.3234	-0.0098
-0.0735	-0.1653
-0.0429	-0.3794
0.8776	0.0948
1.0842	-0.1041
0.6048	0.0106
1.0128	-0.0098
0.9669	-0.1857
-0.1143	0.4313
-0.1933	0.1764
-0.1168	-0.0047
0.0872	-0.1755
-0.6141	0.0514
-0.4891	-0.1729
-0.3387	-0.3157
-0.5784	0.1865
-0.4432	-0.1525
-0.2341	-0.3284
-0.2775	0.3956
-0.3540	0.1203
-0.1984	-0.0888
0.0566	-0.2392
1.1913	-0.3310
-0.6421	-0.1551
0.8853	-0.2265
-0.4789	0.4568
-0.4891	0.1279
-0.3055	-0.1704
-0.0709	-0.3208
1.3111	0.2936
1.3774	-0.1831
-0.5988	0.2146
-0.5299	-0.0123
-0.3157	-0.2570
-0.3540	-0.3616
0.8853	-0.2239
-0.4407	0.4670
-0.4585	0.1305
-0.2851	-0.1525
-0.0429	-0.3029
1.3621	0.2656
0.8215	-0.1653
-0.0939	0.4466
-0.1908	0.1891
-0.1270	0.0208
0.0642	-0.1321
-0.1449	-0.4228
0.8904	0.1254
1.0995	-0.0939
0.7909	-0.1066
0.3141	0.2477
0.3880	-0.2239
0.5181	0.1611
-0.0837	-0.4304
0.6405	0.1560
0.9312	-0.2392
-0.5452	0.3829
-0.4968	0.1228
-0.3208	-0.1780
-0.1143	-0.3335
1.3800	0.2554
0.3753	0.1228
0.2554	-0.3692
-0.1831	0.5282
-0.2443	0.2426
-0.2239	0.0438
-0.0327	-0.1092
0.0948	-0.3386
0.7756	0.0769
1.0434	-0.0709
0.8011	-0.0964
0.3396	0.2299
0.3957	-0.2570
0.2248	0.3344
0.2988	-0.0556
-0.2469	0.3931
-0.3183	0.1203
-0.1729	-0.0786
0.0617	-0.2341
1.3876	-0.1959
-0.6243	-0.1729
0.4467	0.0463
-0.5019	0.3140
-0.4534	-0.0684
-0.1857	-0.2570
-0.4407	-0.3259
0.1279	0.2656
0.1713	-0.0174
0.1534	-0.3769
0.2707	0.3344
0.3472	-0.1015
1.1403	0.1967
1.2652	-0.0021
1.3264	-0.2061
-0.2469	0.4338
-0.3336	0.1407
-0.1908	-0.0709
0.0489	-0.2265
0.8827	-0.2163
-0.4050	0.4695
-0.4483	0.1356
-0.2851	-0.1372
-0.0276	-0.2876
1.4157	0.1534
-0.3489	0.4211
-0.4126	0.0795
-0.2061	-0.1398
0.0183	-0.2953
1.1403	0.2503
1.2372	0.0438
1.3570	-0.1015
0.4594	0.0820
-0.5580	-0.1984
-0.5478	0.1738
-0.4050	-0.1500
-0.1908	-0.3182
0.1458	0.2452
0.2146	-0.0556
-0.1525	-0.4381
0.8419	0.1254
1.0791	-0.0735
0.8853	-0.1576
-0.0531	0.4287
-0.1321	0.1789
-0.0582	0.0081
0.1407	-0.1882
1.4233	-0.1143
-0.6294	-0.0658
-0.3999	0.3395
-0.3871	0.0055
-0.1525	-0.1959
-0.0888	-0.3845
0.9694	0.1407
1.1607	-0.1015
0.8419	-0.1398
0.0336	0.3752
0.0081	0.1101
0.1407	-0.0990
-0.2086	-0.4177
0.9771	0.1738
1.1683	-0.0684
1.0587	-0.2469
-0.4483	0.4211
-0.4534	0.0871
-0.2571	-0.1704
-0.0684	-0.3335
1.1734	0.2758
1.2703	0.1152
1.3494	0.0004
1.3162	-0.2800
-0.5911	0.2069
-0.5223	0.0336
-0.3183	-0.2341
-0.2647	-0.3565
1.4182	-0.1704
-0.5886	-0.2545
1.3468	-0.3259
-0.5121	-0.3973
1.0510	0.2758
1.2015	0.0922
1.3366	-0.0888
1.0995	-0.2953
-0.5988	0.2350
-0.4993	0.1356
-0.3489	-0.1729
-0.1474	-0.3361
1.4259	-0.1245
-0.6039	-0.1551
0.2146	0.1942
0.3166	-0.1780
0.9643	0.0387
1.0332	-0.1831
0.0489	0.3650
0.0260	0.0922
0.1611	-0.1321
-0.5299	0.2656
-0.4483	-0.1041
-0.2061	-0.2876
-0.6013	-0.0582
-0.4993	-0.1933
-0.4050	-0.3055
-0.6013	0.0157
-0.4560	-0.2137
-0.3489	-0.3284
-0.4152	0.3727
-0.4203	0.0106
-0.1755	-0.2035
-0.0709	-0.3743
1.0000	0.1585
1.1632	-0.1092
0.8751	-0.1729
-0.1015	0.4466
-0.1933	0.1942
-0.1321	0.0081
0.0719	-0.1525
-0.3438	-0.3947
1.3086	0.3242
1.2423	-0.3157
-0.6549	-0.0607
-0.1219	0.3472
-0.1831	0.1305
-0.0811	-0.0327
0.1458	-0.2061
1.2856	0.2834
1.4131	0.0514
0.4849	0.0718
0.1432	0.2656
0.2019	-0.0403
-0.0505	-0.4202
0.6940	0.1279
1.1632	0.1789
1.2831	-0.0327
1.3366	-0.2316
-0.4203	0.4058
-0.4279	0.0540
-0.2290	-0.1908
-0.0837	-0.3488
1.0995	0.2324
1.2219	0.0106
1.3366	-0.1882
0.0234	0.3446
0.0030	0.0871
0.1509	-0.1321
-0.5503	-0.2035
-0.5631	0.1203
-0.4203	-0.1908
-0.2265	-0.3310
0.5028	0.0310
1.3366	0.2656
1.4182	-0.0913
-0.4050	0.4007
-0.4305	0.0540
-0.2112	-0.1831
-0.0607	-0.3361
1.0714	0.2120
1.2091	-0.0429
1.2652	-0.2545
-0.4152	0.4160
-0.4356	0.0616
-0.2239	-0.1831
-0.0760	-0.3488
1.1122	0.2350
1.2270	0.0157
1.3443	-0.1576
0.1968	0.2503
0.2733	-0.1092
1.4412	0.0999
-0.4356	0.3803
-0.4407	0.0208
-0.2061	-0.1984
-0.1347	-0.3692
1.1148	0.2503
1.2346	0.0438
1.3545	-0.1117
0.5436	0.0132
1.0867	0.1024
1.2499	-0.1653
0.5742	0.0055
1.0459	0.0285
1.1250	-0.2341
-0.1372	0.4058
-0.1959	0.1483
-0.0888	-0.0251
0.1101	-0.2239
1.3672	0.2860
1.2525	-0.3284
-0.6294	-0.0658
0.0081	0.2885
0.0209	0.0616
0.1815	-0.1729
1.4284	0.1611
-0.2010	0.4109
-0.2673	0.1483
-0.1500	-0.0531
0.0795	-0.2163
1.1887	-0.3361
-0.6421	-0.1653
1.0969	-0.3412
-0.6319	-0.1831
1.4412	-0.1780
-0.4611	-0.4024
1.0281	0.2554
1.1836	0.0463
1.3366	-0.1474
0.5436	0.0208
1.1173	0.1483
1.2550	-0.1347
0.9592	-0.2265
-0.3999	0.4389
-0.4101	0.1228
-0.2418	-0.1347
-0.0429	-0.3106
1.2550	0.3140
1.3494	0.1840
1.4131	0.1024
1.2729	-0.3208
-0.6141	0.0004
-0.3055	0.3395
-0.3259	0.0463
-0.1245	-0.1372
0.0285	-0.3310
0.9592	0.1050
1.1275	-0.1525
0.4824	0.0922
-0.5733	-0.0582
-0.5223	-0.0888
-0.3769	-0.2647
-0.4993	-0.2265
-0.5656	-0.0582
-0.4330	-0.2316
-0.4279	-0.2851
-0.5784	0.1228
-0.4356	-0.1780
-0.2571	-0.3335
0.0209	0.3064
0.0183	0.0820
0.1738	-0.1321
-0.5223	0.3038
-0.4560	-0.0735
-0.1984	-0.2774
-0.5070	-0.2774
-0.5350	0.2579
-0.4356	-0.1143
-0.1704	-0.2851
-0.6192	0.0055
-0.4968	-0.2035
-0.3693	-0.3259
-0.5682	0.2299
-0.4509	-0.1500
-0.2035	-0.3182
-0.4636	0.3548
-0.4458	-0.0200
-0.1806	-0.2239
-0.1755	-0.3973
1.0867	0.2350
1.2219	0.0310
1.3239	-0.1627
0.1611	0.2783
0.2248	-0.0429
-0.1806	-0.4202
0.9159	0.1432
1.1199	-0.1015
0.8547	-0.1474
0.0183	0.3905
-0.0199	0.1203
0.1126	-0.0709
0.0413	-0.3871
0.6099	0.1560
-0.4789	0.3242
-0.4356	-0.0352
-0.1857	-0.2469
-0.3132	-0.3769
1.4106	0.1916
-0.4203	0.3880
-0.4381	0.0387
-0.2035	-0.1831
-0.0760	-0.3616
1.0485	0.1942
1.2091	-0.0352
1.2219	-0.2723
-0.4611	0.3982
-0.4687	0.0412
-0.2392	-0.2035
-0.1296	-0.3590
1.1505	0.2732
1.2550	0.0999
1.3545	-0.0225
1.2244	-0.3080
-0.6294	0.1177
-0.5044	0.1916
-0.3744	-0.1449
-0.1347	-0.3029
0.4288	0.0718
-0.3412	-0.3973
1.1632	0.3140
1.2703	0.1534
1.3417	0.0565
1.4182	-0.0709
0.1534	0.2809
0.1942	-0.0505
-0.0888	-0.4177
0.7833	0.1126
1.0791	-0.0352
1.0281	-0.2214
-0.3081	0.4568
-0.3616	0.1407
-0.2214	-0.0939
0.0183	-0.2596
1.4335	0.1432
-0.3922	0.3956
-0.4152	0.0565
-0.1959	-0.1729
-0.0480	-0.3437
1.0663	0.1942
1.2091	-0.0607
1.1964	-0.2774
-0.5019	0.3650
-0.4662	0.0463
-0.2673	-0.2188
-0.1729	-0.3616
1.2423	0.3140
1.3723	0.1636
1.4182	-0.1092
-0.3540	0.4134
-0.3897	0.0744
-0.1984	-0.1525
-0.0046	-0.3131
1.0842	0.2120
1.2295	-0.0302
1.2831	-0.2545
-0.3973	0.4058
-0.4050	0.0795
-0.2112	-0.1627
-0.0505	-0.3284
1.0995	0.2273
1.2193	-0.0123
1.3392	-0.2010
-0.0837	0.3778
-0.1398	0.1356
-0.0301	-0.0327
0.1534	-0.2519
0.9924	0.1024
1.1556	-0.1729
0.4416	0.1152
-0.1219	-0.4279
0.7807	0.1279
1.0867	-0.0200
1.1097	-0.2519
-0.3183	0.4389
-0.3744	0.1203
-0.2112	-0.1143
0.0234	-0.2749
1.2754	0.3166
1.3851	0.1509
1.3927	-0.2035
-0.5605	0.2350
-0.4993	0.0004
-0.3004	-0.2469
-0.3208	-0.3412
1.0332	-0.3055
-0.6625	0.0565
-0.1959	0.3523
-0.2520	0.1126
-0.1143	-0.0633
0.0999	-0.2469
1.2219	0.2860
1.2856	0.1330
1.3596	0.0540
1.3978	-0.1602
-0.3846	0.4007
-0.4075	0.0667
-0.1959	-0.1627
-0.0403	-0.3310
1.0663	0.2018
1.2244	-0.0403
1.2652	-0.2672
-0.4305	0.3982
-0.4254	0.0667
-0.2316	-0.1882
-0.0939	-0.3437
1.1199	0.2503
1.2244	0.0285
1.3596	-0.1194
0.5895	-0.0072
0.9847	-0.0302
0.8955	-0.1525
0.0540	0.3650
0.0464	0.0769
0.1968	-0.1780
1.2576	0.2962
1.3188	0.1687
1.3749	0.1152
1.4310	0.0259
0.6711	-0.0811
0.6303	0.0540
1.0638	0.0259
1.1632	-0.2367
-0.1678	0.4160
-0.2163	0.1534
-0.1219	-0.0480
0.0999	-0.2239
1.2856	0.3115
1.3800	0.1738
1.4361	-0.0913
-0.3387	0.3982
-0.3616	0.0820
-0.1857	-0.1500
-0.0072	-0.3157
1.0638	0.1967
1.2193	-0.0607
1.2397	-0.2851
-0.4866	0.3625
-0.4560	0.0412
-0.2571	-0.2137
-0.1806	-0.3539
1.2550	0.3268
1.3774	0.1815
1.4361	-0.0505
-0.1296	0.3803
-0.1755	0.1356
-0.0633	-0.0454
0.1407	-0.2367
1.0740	0.1789
1.2270	-0.0939
1.1505	-0.2851
-0.5325	0.3166
-0.4815	0.0667
-0.2877	-0.2112
-0.1908	-0.3539
1.3545	0.3064
1.0408	-0.2851
-0.6217	0.1942
-0.4585	0.2350
-0.3616	-0.0964
-0.1092	-0.2647
-0.4611	0.3268
-0.4279	-0.0352
-0.1653	-0.2239
-0.2800	-0.3871
1.3009	0.3319
1.4182	-0.1117
-0.5121	0.3344
-0.4687	-0.0098
-0.2494	-0.2469
-0.2979	-0.3718
1.4412	0.0259
-0.6217	-0.0251
-0.4993	0.2350
-0.3948	-0.1219
-0.1423	-0.2800
-0.4101	0.3625
-0.4152	0.0157
-0.1806	-0.1984
-0.0786	-0.3667
1.0051	0.1611
1.1887	-0.0862
1.0026	-0.2265
-0.4024	0.4440
-0.4279	0.1126
-0.2545	-0.1449
-0.0429	-0.3080
1.2372	0.3038
1.3315	0.1636
1.3902	0.0897
1.3239	-0.2902
-0.6217	0.0795
-0.4993	0.1840
-0.3616	-0.1372
-0.1449	-0.3029
0.4875	0.0310
1.4463	0.0795
-0.3820	0.4058
-0.4101	0.0540
-0.2010	-0.1755
-0.0480	-0.3386
1.0587	0.1967
1.2168	-0.0505
1.2219	-0.2723
-0.4968	0.3650
-0.4636	0.0438
-0.2571	-0.2137
-0.1678	-0.3616
1.2219	0.3089
1.3290	0.1815
1.3774	0.1101
1.4310	-0.0913
-0.2265	0.4058
-0.2877	0.1228
-0.1602	-0.0735
0.0617	-0.2494
1.3290	0.2885
1.4131	-0.1780
-0.5733	0.2171
-0.5121	0.0004
-0.3081	-0.2443
-0.3412	-0.3514
0.8776	-0.2341
-0.4356	0.4568
-0.4407	0.1432
-0.2800	-0.1525
-0.0505	-0.3055
1.3468	0.2885
1.1913	-0.3233
-0.6421	-0.0251
-0.1270	0.3446
-0.1831	0.1228
-0.0531	-0.0327
0.1483	-0.2469
1.0842	0.1738
1.2219	-0.0811
1.1454	-0.2800
-0.5325	0.3446
-0.4840	0.0591
-0.2826	-0.2061
-0.1908	-0.3590
1.3162	0.3191
1.3723	-0.2392
-0.6192	0.0642
-0.5223	0.1662
-0.3693	-0.1500
-0.1551	-0.3157
0.7756	-0.1500
0.0693	0.3778
0.0617	0.0948
0.2095	-0.1500
1.4208	0.1840
0.0183	0.3319
-0.0021	0.0871
0.1483	-0.1168
-0.4611	-0.3233
0.5385	-0.0098
1.0816	0.0795
1.2066	-0.1984
0.2631	0.2248
0.3472	-0.1933
0.8088	0.0234
0.9363	-0.1066
0.3676	0.1764
0.3472	-0.3361
-0.2137	0.5180
-0.2545	0.2426
-0.2061	0.0234
-0.0021	-0.1321
-0.0352	-0.3896
0.8292	0.1050
1.0587	-0.0939
0.7552	-0.0837
0.4594	0.1432
0.0132	-0.4202
0.4212	0.2605
0.4492	-0.3080
-0.4101	0.5129
-0.3769	0.2426
-0.3055	-0.0582
-0.0505	-0.2163
-0.4356	-0.3386
0.7986	-0.1857
-0.1423	0.4542
-0.2214	0.1942
-0.1627	0.0106
0.0489	-0.1500
-0.2214	-0.4024
1.0281	0.2095
1.1836	-0.0327
1.2550	-0.2596
-0.3973	0.4160
-0.4279	0.0718
-0.2239	-0.1704
-0.0531	-0.3386
1.1020	0.2324
1.2295	0.0157
1.3545	-0.1602
0.1356	0.2732
0.1891	-0.0429
-0.0225	-0.4126
0.6507	0.1458
1.4182	0.2222
0.6532	-0.0607
0.7425	0.0055
0.9006	-0.0709
0.5206	0.0795
1.2525	-0.3565
-0.5707	-0.2570
1.3749	0.3523
-0.0760	0.3701
-0.1296	0.1228
-0.0021	-0.0480
0.1534	-0.2876
0.8700	0.0591
1.0077	-0.1449
0.3064	0.2222
0.3778	-0.2265
0.4798	0.1840
0.2121	-0.3973
-0.2520	0.5409
-0.2596	0.2554
-0.2239	0.0310
-0.0276	-0.1372
0.0005	-0.3718
0.8190	0.0922
1.0485	-0.0939
0.7221	-0.0633
0.6354	0.0489
1.0587	0.0310
1.1556	-0.2265
-0.1551	0.4160
-0.2239	0.1560
-0.1143	-0.0352
0.0973	-0.2239
1.4259	0.1611
-0.2112	0.4032
-0.2749	0.1330
-0.1500	-0.0607
0.0770	-0.2239
1.4335	0.1356
-0.3489	0.4109
-0.3871	0.0744
-0.1959	-0.1525
-0.0021	-0.3208
1.0714	0.2018
1.2168	-0.0454
1.2423	-0.2800
-0.4687	0.3803
-0.4585	0.0438
-0.2392	-0.2035
-0.1525	-0.3616
1.1785	0.2936
1.2703	0.1356
1.3570	0.0412
1.4080	-0.1092
-0.0429	0.3599
-0.0735	0.1152
0.0617	-0.0709
0.1126	-0.3488
0.6456	0.1177
1.2678	0.2656
1.3162	0.1509
1.3698	0.0922
1.4259	0.0055
0.6354	-0.0327
0.8470	-0.0429
0.6915	-0.0098
0.8700	-0.0607
0.5971	0.0412
1.0714	0.0667
1.2117	-0.2214
0.1024	0.3038
0.1483	-0.0021
0.1840	-0.3310
0.4518	0.2222
0.3676	-0.3565
-0.4840	0.5001
-0.3361	0.2911
-0.3030	0.0081
-0.0888	-0.1678
-0.0684	-0.3794
0.9363	0.1228
1.1199	-0.1321
0.6507	-0.0352
0.8521	-0.0429
0.6711	0.0030
0.9439	-0.0556
0.6583	0.0055
0.9363	-0.0633
0.6966	-0.0200
0.8241	-0.0429
0.6736	0.0081
0.9363	-0.0658
0.6405	-0.0021
0.9669	-0.0531
0.7476	-0.0684
0.5793	0.0693
1.1403	0.1840
1.2729	-0.0939
1.3060	-0.2927
-0.5223	0.2732
-0.4560	0.0285
-0.2724	-0.2112
-0.2571	-0.3539
1.4667	0.0489
-0.6039	-0.0021
-0.4942	0.1815
-0.3744	-0.1423
-0.1602	-0.3055
0.4441	0.0616
-0.5427	-0.1959
-0.4611	0.2936
-0.3871	-0.0607
-0.1474	-0.2469
-0.4764	-0.2800
-0.3795	0.3523
-0.3820	0.0285
-0.1525	-0.1704
-0.0429	-0.3590
0.9822	0.1407
1.1556	-0.1321
0.7833	-0.1194
0.2707	0.2579
0.3651	-0.1729
0.8547	0.0106
0.9159	-0.1117
0.2937	0.2222
0.3753	-0.2239
0.5410	0.1407
-0.5121	-0.2341
-0.2775	0.3574
-0.3132	0.0795
-0.1296	-0.1117
0.0540	-0.3055
1.0281	0.1534
1.1913	-0.1245
0.8419	-0.1576
0.0030	0.3880
-0.0097	0.1305
0.1152	-0.0837
-0.0225	-0.3947
0.7399	0.1126
1.0867	0.0081
1.1734	-0.2443
-0.1959	0.4211
-0.2622	0.1509
-0.1449	-0.0480
0.0770	-0.2265
1.4565	-0.0352
-0.6243	0.0285
-0.5146	0.1432
-0.3642	-0.1627
-0.1857	-0.3284
1.0536	-0.3157
-0.6549	0.0310
-0.1092	0.3446
-0.1576	0.1152
-0.0378	-0.0480
0.1611	-0.2570
0.9771	0.0897
1.1250	-0.1729
0.3115	0.1942
0.3778	-0.2570
0.2656	0.3089
0.3549	-0.1219
