0.2248	0.0387
-0.2112	-0.2035
-0.2877	-0.1474
-0.0837	-0.0888
-0.0199	-0.1500
-0.5223	-0.1755
-0.2571	-0.0302
0.0948	-0.0888
-0.5299	-0.1806
-0.2775	-0.0480
0.0821	-0.0735
-0.3591	-0.2061
-0.1857	-0.1015
0.0362	-0.1296
-0.5809	-0.1627
-0.3234	-0.0225
0.0464	-0.0429
-0.0276	-0.1806
-0.7390	0.0106
-0.5095	0.0667
-0.2061	0.1279
0.3421	-0.1525
0.8470	0.0795
1.0204	0.1483
0.9873	0.2987
1.1479	0.4542
-0.3081	-0.2774
-0.5350	-0.1117
-0.2647	0.0004
0.1279	-0.0811
-0.6523	-0.1092
-0.3999	0.0055
-0.0403	0.0310
0.3243	-0.2239
0.8827	-0.0454
1.1428	0.1738
1.1760	0.4058
-0.5580	-0.2265
-0.4101	-0.0684
-0.0990	-0.0098
0.2401	-0.1831
0.7858	0.1560
0.9057	0.2044
0.9133	0.2987
1.0434	0.4746
-0.2877	-0.2774
-0.5325	-0.1245
-0.2520	0.0030
0.1407	-0.0811
-0.6931	-0.0403
-0.4636	0.0387
-0.1245	0.0922
0.3880	-0.1984
0.9312	-0.0760
1.1632	0.2146
1.2652	-0.0964
-0.7645	0.1203
-0.5631	0.1815
-0.3055	0.2095
0.2146	-0.0302
-0.6676	-0.0837
-0.4381	0.0106
-0.0888	0.0514
0.3702	-0.2137
0.9210	-0.0735
1.1734	0.2069
1.2780	-0.0149
-0.7569	0.0055
-0.5580	0.1024
-0.2979	0.1560
0.1891	-0.0302
-0.5554	-0.1729
-0.3157	-0.0480
0.0566	-0.0531
-0.1347	-0.1959
-0.3489	-0.1729
-0.1321	-0.0837
0.0642	-0.1500
-0.7467	0.2375
-0.5427	0.2324
-0.2673	0.2248
0.3472	-0.0913
0.8062	0.2375
0.9465	0.4211
-0.4764	-0.2341
-0.3514	-0.0939
-0.0327	-0.0505
0.0846	-0.1780
1.2754	0.2350
-0.4152	-0.3055
-0.5376	-0.1194
-0.2469	0.0004
0.1611	-0.0913
-0.5401	0.4389
-0.0556	0.2120
0.7323	-0.3845
-0.3463	0.4899
0.7552	-0.2876
0.6813	-0.1143
1.1275	-0.0429
1.2219	0.2936
-0.7416	0.0208
-0.5427	0.0999
-0.2698	0.1534
0.2401	-0.0531
0.5844	-0.1143
1.0587	-0.0505
1.1505	0.3242
-0.2392	0.4083
0.7323	-0.3055
0.5512	-0.0352
0.9567	0.0285
1.0893	0.2171
1.0179	0.4160
-0.7263	0.0387
-0.5223	0.1126
-0.2265	0.1432
0.3243	-0.1245
0.8037	0.1611
0.9082	0.2222
0.9082	0.3115
1.1785	0.4491
-0.2392	-0.2927
-0.7059	0.1279
-0.4917	0.1611
-0.1780	0.1611
0.4390	-0.1959
0.9873	-0.0939
1.1938	0.2477
0.4926	-0.0505
0.9057	0.0616
1.0791	0.1585
0.9975	0.3395
1.2984	0.1993
-0.5044	-0.2596
-0.4611	-0.0837
-0.1653	-0.0021
0.2274	-0.1576
0.7807	0.2758
1.2780	0.2758
-0.3973	-0.2927
-0.5223	-0.1117
-0.2469	0.0004
0.1611	-0.0939
-0.2214	0.3854
0.7680	-0.3386
0.2223	0.1789
0.4875	-0.3437
0.4390	0.0616
1.1505	0.4823
-0.0735	-0.3080
0.8445	0.4619
0.0922	-0.2978
0.7374	0.1126
0.9261	0.1509
0.9898	0.2018
0.9541	0.2681
0.9286	0.3803
-0.4789	0.4160
0.1585	0.0795
0.1942	-0.2367
0.8011	0.0718
1.0408	0.0897
1.0383	0.2783
0.9898	0.4287
-0.6574	-0.0862
-0.4560	0.0285
-0.1321	0.0667
0.3447	-0.1959
0.9082	-0.0505
1.1607	0.2018
1.1785	0.4211
-0.5095	-0.2367
-0.3973	-0.0760
-0.0939	-0.0174
0.2019	-0.1831
0.7756	0.2656
1.1607	0.4644
-0.1908	-0.2927
-0.2851	0.4007
0.6099	-0.2341
1.0408	-0.2061
1.2627	-0.0735
-0.4560	0.4440
0.2962	-0.0021
-0.2673	0.3982
0.6787	-0.2647
0.8802	-0.2010
1.2346	-0.0709
0.3268	0.0846
-0.4407	-0.1806
-0.2443	-0.0684
0.0642	-0.0939
-0.4611	-0.1831
-0.2265	-0.0556
0.0846	-0.1066
-0.6804	-0.0811
-0.4330	0.0183
-0.0837	0.0565
0.3651	-0.2290
0.9286	-0.0837
1.1785	0.1993
1.2576	-0.1500
-0.7467	0.2350
-0.5172	0.2605
-0.1933	0.2095
0.4798	-0.2137
1.0179	-0.1321
1.2321	0.1993
-0.3999	0.4338
0.4110	-0.0862
0.8547	0.1024
1.0230	0.1356
1.0077	0.2732
0.9541	0.3982
-0.7135	0.1585
-0.4993	0.1942
-0.1806	0.1738
0.4237	-0.1908
0.9796	-0.0888
1.1913	0.2554
0.9108	-0.2851
0.9210	-0.2469
1.1556	-0.2341
0.4569	-0.0072
0.8088	0.2095
0.8700	0.3064
1.2142	0.4542
-0.2163	-0.3004
-0.4789	0.3956
0.1075	0.1126
0.4186	-0.3055
0.8139	-0.1423
1.2219	0.0438
1.2295	-0.2137
-0.6166	0.3982
-0.1653	0.2732
0.6099	-0.2774
0.8700	-0.1933
1.2499	-0.0302
0.3880	0.0285
1.2346	0.4134
-0.1576	-0.3029
1.3162	0.0999
-0.4611	-0.2953
-0.5146	-0.0837
-0.2239	0.0183
0.1840	-0.0939
1.1913	-0.2545
-0.7135	0.3242
-0.4203	0.3064
0.0617	0.1101
0.4977	-0.3182
0.6532	-0.0786
1.1122	-0.0276
1.1607	0.3625
-0.5835	0.3956
-0.1474	0.2426
0.6354	-0.3055
0.6966	-0.1143
1.1607	-0.0327
1.2525	0.3166
-0.7110	-0.0378
-0.5095	0.0591
-0.2163	0.1050
0.3039	-0.1372
0.8190	0.1611
0.9286	0.1967
0.9465	0.2350
0.9286	0.3191
1.1097	0.4874
-0.2137	-0.2876
-0.6549	0.2758
-0.3871	0.2656
0.0999	0.0769
0.3166	-0.2647
0.8929	-0.0964
1.2040	0.1687
1.2907	-0.0302
-0.7365	-0.0021
-0.5427	0.0922
-0.2545	0.1483
0.2605	-0.0709
1.0434	0.4976
-0.0276	-0.3004
0.7425	0.3421
-0.4993	-0.2112
-0.3234	-0.0709
0.0005	-0.0556
-0.0174	-0.1780
-0.7059	0.0285
-0.4738	0.0922
-0.1729	0.1203
0.3880	-0.1780
0.9261	-0.0480
1.1530	0.2171
1.2219	0.3752
-0.5172	-0.2545
-0.4177	-0.0837
-0.1092	-0.0098
0.2095	-0.1806
0.7782	0.2426
0.9873	0.4593
-0.2979	-0.2749
-0.5146	-0.1321
-0.2341	-0.0149
0.1483	-0.0990
-0.4636	0.4338
0.1891	0.0693
0.1024	-0.2290
0.7833	0.3523
-0.6115	-0.1653
-0.3897	-0.0225
-0.0531	-0.0021
0.2401	-0.1984
0.8062	0.0795
1.0077	0.1126
1.0153	0.2681
0.9898	0.4236
-0.7059	0.0183
-0.4993	0.0820
-0.2061	0.1203
0.3370	-0.1449
0.8496	0.0718
1.0510	0.1356
1.0128	0.3064
1.0740	0.4695
-0.3514	-0.2672
-0.4509	-0.1296
-0.1678	-0.0327
0.1815	-0.1347
0.9516	0.4874
-0.0097	-0.2851
0.7731	0.3803
-0.3132	-0.2418
-0.3693	-0.1372
-0.0939	-0.0556
0.0922	-0.1602
1.2117	-0.2341
-0.7747	0.2146
-0.5376	0.2554
-0.2545	0.2299
0.3651	-0.1245
0.8547	0.1024
1.0204	0.1483
1.0051	0.2732
0.9822	0.4262
-0.6625	-0.1015
-0.4381	0.0208
-0.1168	0.0642
0.3498	-0.1908
0.9031	-0.0302
1.1505	0.1840
1.1530	0.4287
-0.5503	-0.2112
-0.4050	-0.0684
-0.0786	-0.0123
0.2197	-0.1857
0.7782	0.1840
0.8751	0.3013
1.2270	0.4211
-0.2749	-0.2953
-0.6880	0.0514
-0.4534	0.1126
-0.1219	0.1126
0.4365	-0.2341
0.9643	-0.1347
1.2346	0.1993
0.0922	0.2299
0.7833	-0.4483
-0.7900	0.2426
-0.4891	0.3242
-0.1143	0.2018
0.6099	-0.3080
0.6507	-0.0939
1.1224	-0.0302
1.1760	0.3548
-0.6829	0.3013
-0.4203	0.2860
0.0515	0.1101
0.4875	-0.3080
0.7221	-0.1041
1.1709	-0.0047
1.2525	0.2911
-0.6957	-0.0913
-0.4942	0.0310
-0.1959	0.0846
0.3064	-0.1449
0.8266	0.1279
0.9694	0.1458
1.0000	0.2299
0.9465	0.3268
1.1760	0.4721
-0.2392	-0.2953
-0.6829	0.1916
-0.4585	0.2044
-0.1143	0.1560
0.5206	-0.2621
0.9159	-0.1806
1.2448	0.0259
0.0387	0.2554
0.8649	-0.4686
-0.8053	-0.0021
-0.5937	0.1916
-0.3616	0.2018
0.0821	0.0540
0.2656	-0.2519
0.8649	-0.0352
1.1530	0.1458
1.1428	0.4287
-0.6243	-0.1653
-0.4279	-0.0225
-0.0964	0.0336
0.2937	-0.1933
0.8496	0.0208
1.1071	0.1356
1.0332	0.3676
0.6991	-0.1755
1.1734	-0.1245
1.2448	-0.1653
-0.6115	0.3956
-0.1321	0.2554
0.6456	-0.3029
0.6150	-0.0760
1.0842	-0.0403
1.1530	0.3548
0.2605	0.1228
0.0821	-0.2163
0.7960	0.3880
-0.3183	-0.2519
-0.3769	-0.1321
-0.1143	-0.0582
0.1101	-0.1576
1.2984	0.2299
-0.4024	-0.2978
-0.5503	-0.0939
-0.2775	0.0132
0.1330	-0.0582
-0.5299	-0.1755
-0.2877	-0.0454
0.0795	-0.0684
-0.2953	-0.2010
-0.1857	-0.1245
-0.0199	-0.1372
-0.3718	-0.1933
-0.1729	-0.0939
0.0540	-0.1398
-0.7314	0.0208
-0.5070	0.0718
-0.2061	0.1203
0.3523	-0.1372
0.8496	0.0667
1.0459	0.1432
1.0051	0.3242
1.2142	0.4134
-0.3463	-0.2876
-0.5452	-0.1143
-0.2622	0.0004
0.1407	-0.0735
-0.6727	-0.0939
-0.4177	0.0157
-0.0709	0.0387
0.3549	-0.2163
0.9184	-0.0607
1.1709	0.1891
1.2984	0.1050
-0.7008	-0.1398
-0.5146	-0.0021
-0.2061	0.0846
0.2784	-0.1347
0.7960	0.2554
1.0408	0.4797
-0.2367	-0.2851
-0.6600	-0.0200
-0.4152	0.0489
-0.0607	0.0642
0.3880	-0.2469
0.9388	-0.1168
1.2091	0.1840
0.7068	-0.1627
1.1683	-0.1143
1.2576	-0.1347
-0.6421	0.3905
-0.2265	0.2834
0.5206	-0.1984
1.0459	-0.1423
1.2550	0.1891
-0.5809	0.4058
-0.0939	0.2324
0.6838	-0.3437
0.2172	0.1764
0.4977	-0.3463
0.3753	0.0897
-0.6829	-0.0327
-0.4534	0.0489
-0.1117	0.0795
0.3855	-0.2112
0.9465	-0.0735
1.1913	0.2273
1.2550	-0.1704
-0.7339	0.2477
-0.4917	0.2707
-0.1372	0.1865
0.5614	-0.2621
0.8878	-0.1780
1.2397	-0.0072
0.2809	0.0999
-0.0556	-0.2163
-0.6549	0.3191
-0.3744	0.2962
0.1254	0.0616
0.2019	-0.2341
0.8011	0.0744
1.0179	0.1075
1.0306	0.2732
0.9898	0.4262
-0.6804	-0.0760
-0.4585	0.0361
-0.1525	0.0795
0.3498	-0.1857
0.9057	-0.0251
1.1403	0.1840
1.1326	0.4313
-0.5758	-0.2061
-0.3999	-0.0531
-0.0837	-0.0098
0.2325	-0.1908
0.7884	0.1458
0.9235	0.1789
0.9567	0.2401
0.9184	0.3038
1.0995	0.4797
-0.2188	-0.2774
-0.6880	0.1713
-0.4687	0.1891
-0.1245	0.1611
0.5002	-0.2392
0.9720	-0.1704
1.2550	0.0999
-0.2877	0.4083
0.6711	-0.2749
0.8700	-0.2112
1.2372	-0.0735
0.3064	0.0897
-0.2953	-0.2061
-0.2469	-0.1245
-0.0352	-0.1143
-0.2061	-0.1780
-0.1908	-0.1525
-0.0837	-0.1347
-0.2035	-0.1653
-0.1576	-0.1449
-0.1143	-0.1525
-0.2137	-0.1755
-0.1423	-0.1423
-0.1143	-0.1627
-0.2137	-0.1729
-0.1347	-0.1423
-0.1117	-0.1551
-0.2265	-0.1806
-0.1321	-0.1372
-0.0990	-0.1500
-0.2341	-0.1704
-0.1321	-0.1347
-0.0913	-0.1525
-0.2749	-0.1831
-0.1347	-0.1321
-0.0454	-0.1500
-0.3795	-0.2035
-0.1704	-0.0939
0.0540	-0.1500
-0.7543	0.1509
-0.5605	0.1509
-0.2953	0.1891
0.2248	-0.0225
-0.7263	-0.0352
-0.4891	0.0387
-0.1780	0.0922
0.3625	-0.1576
0.8878	0.0310
1.0867	0.1636
1.0408	0.3880
-0.7263	0.2503
-0.5019	0.2579
-0.1908	0.2120
0.4798	-0.1933
1.0000	-0.1092
1.2168	0.2222
-0.2112	0.3931
0.7833	-0.3565
0.0030	0.3064
0.9898	-0.5018
-0.6141	-0.2953
-0.6319	-0.0098
-0.3744	0.0744
0.0081	0.0438
0.3319	-0.2469
0.8955	-0.0760
1.1836	0.1738
1.2933	0.0489
-0.7365	-0.0811
-0.5325	0.0412
-0.2545	0.1075
0.2427	-0.0862
1.1097	0.4899
-0.0709	-0.3055
0.8266	0.4389
0.0005	-0.2749
0.7858	0.3880
-0.2341	-0.2570
-0.5478	-0.1372
-0.2647	-0.0123
0.1126	-0.0811
-0.5427	-0.1780
-0.2851	-0.0403
0.0744	-0.0684
-0.2647	-0.1959
-0.1882	-0.1347
-0.0480	-0.1347
-0.2800	-0.1908
-0.1398	-0.1168
-0.0327	-0.1423
-0.3973	-0.2035
-0.1729	-0.0939
0.0744	-0.1398
-0.7365	0.2630
-0.5325	0.2528
-0.2647	0.2350
0.3141	-0.0735
0.8470	0.3829
-0.6013	-0.1933
-0.3769	-0.0505
-0.0403	-0.0098
0.2019	-0.2061
0.7807	0.1738
0.8929	0.2783
1.0587	0.4695
-0.2953	-0.2749
-0.5223	-0.1321
-0.2520	-0.0200
0.1407	-0.1015
-0.6957	0.3242
-0.4713	0.2987
-0.1092	0.1967
0.6099	-0.2927
0.6711	-0.0964
1.1148	-0.0327
1.1989	0.3319
-0.7543	0.1024
-0.5503	0.1432
-0.2877	0.1738
0.2121	-0.0454
-0.7467	0.1432
-0.5478	0.1509
-0.2775	0.1840
0.2529	-0.0531
0.8904	-0.2596
0.8827	-0.2188
1.1556	-0.1933
0.4492	0.0055
0.8215	0.3166
0.4977	-0.0531
0.9108	0.0463
1.0867	0.1713
1.0153	0.3778
0.5538	-0.0735
1.0179	-0.0403
1.1479	0.2936
1.3137	0.0208
-0.6880	-0.1321
-0.4942	0.0183
-0.2061	0.0693
0.2758	-0.1372
0.7986	0.2197
0.8980	0.3574
-0.1398	0.3497
0.8266	-0.3896
-0.4789	0.4797
0.4084	-0.0709
0.8394	0.1483
0.9618	0.1815
0.9720	0.2350
0.9286	0.3166
1.1607	0.4797
-0.2137	-0.2800
-0.6549	0.2783
-0.3999	0.2605
0.0566	0.0846
0.4186	-0.2876
0.8292	-0.1449
1.2168	0.0489
1.0638	-0.3004
0.2146	0.1534
0.3804	-0.3080
0.7935	-0.1321
1.2168	0.0336
1.2882	-0.0684
-0.7467	0.1279
-0.5325	0.1891
-0.2571	0.1840
0.3192	-0.1117
0.8011	0.2248
0.9082	0.3931
-0.7135	0.0285
-0.4968	0.0948
-0.1984	0.1279
0.3370	-0.1474
0.8572	0.0514
1.0816	0.1330
1.0128	0.3268
1.2831	0.3166
-0.4075	-0.2749
-0.4891	-0.0939
-0.2010	0.0030
0.1840	-0.1270
1.1224	0.4823
-0.0429	-0.3004
0.7603	0.3676
-0.3514	-0.2367
-0.3387	-0.1347
-0.0709	-0.0709
0.0336	-0.1678
-0.5401	0.4134
-0.0531	0.2120
0.7042	-0.3692
-0.1755	0.4134
0.9771	-0.4355
-0.8002	0.0412
-0.6141	0.1713
-0.3693	0.2018
0.0489	0.0693
0.3829	-0.2774
0.8700	-0.1296
1.2244	0.1024
0.9363	-0.2672
0.8700	-0.2163
1.1836	-0.1831
0.4798	-0.0149
0.8572	0.1330
1.0000	0.1432
1.0204	0.2401
0.9414	0.3242
1.2117	0.4568
-0.2367	-0.2927
-0.6523	0.2630
-0.4101	0.2503
0.0030	0.1203
0.5257	-0.3055
0.6660	-0.0709
1.1199	-0.0429
1.1760	0.3599
-0.6396	0.3472
-0.3081	0.2962
0.2937	-0.0480
1.0816	0.5027
-0.0429	-0.3004
0.7680	0.3854
-0.2392	-0.2570
-0.5325	-0.1321
-0.2647	-0.0123
0.1228	-0.0837
-0.6778	-0.0735
-0.4279	0.0234
-0.0811	0.0489
0.3651	-0.2239
0.9235	-0.0862
1.1913	0.2018
1.2474	-0.1576
-0.7467	0.2095
-0.5197	0.2452
-0.2290	0.2044
0.4135	-0.1474
0.9312	-0.0302
1.1403	0.2120
1.1785	0.4236
-0.4993	-0.2443
-0.3973	-0.0888
-0.0913	-0.0327
0.1942	-0.1704
0.7731	0.2962
0.5487	-0.0837
1.0255	-0.0352
1.1352	0.2936
1.3035	0.0259
-0.6855	-0.1296
-0.5019	0.0183
-0.2035	0.0744
0.2733	-0.1321
0.7935	0.2324
0.9133	0.3956
-0.7161	0.0310
-0.4968	0.0922
-0.2061	0.1203
0.3345	-0.1525
0.8623	0.0795
1.0663	0.1305
1.0128	0.3115
1.1173	0.4721
-0.3132	-0.2723
-0.5197	-0.1117
-0.2443	-0.0047
0.1458	-0.0913
-0.6676	0.3344
-0.3948	0.2911
0.0922	0.0922
0.3804	-0.2800
0.8674	-0.1321
1.2168	0.0820
1.0179	-0.3029
0.4696	-0.0047
0.8266	0.1916
0.9006	0.2528
0.9133	0.3472
0.7629	-0.2112
1.1632	-0.2010
0.9082	-0.2723
1.0408	-0.2749
0.8725	-0.2519
1.1479	-0.2418
0.5589	-0.0760
1.0485	-0.0607
1.1556	0.3242
1.1836	-0.3004
-0.5452	0.4287
0.0387	0.1534
0.5971	-0.3692
0.1407	0.2452
0.8164	-0.4686
-0.7875	-0.0021
-0.5937	0.1942
-0.3361	0.2044
0.1279	0.0310
0.0693	-0.2112
0.8827	0.4568
-0.0429	-0.2825
0.8470	0.4542
0.0183	-0.2927
0.7399	0.2987
-0.5707	0.3905
-0.1423	0.2503
0.6124	-0.2851
0.7986	-0.1627
1.2219	-0.0200
1.0204	-0.3029
0.5002	-0.0276
0.8929	0.0769
1.0740	0.1305
1.0179	0.3115
1.0408	0.4721
-0.3795	-0.2545
-0.4101	-0.1168
-0.1321	-0.0429
0.1560	-0.1525
0.9261	0.4746
-0.0429	-0.2851
0.8496	0.4542
0.0311	-0.2851
0.7374	0.2630
1.3137	0.1713
-0.4713	-0.2774
-0.4866	-0.0837
-0.1959	0.0055
0.2044	-0.1219
0.9184	0.4695
-0.0837	-0.2800
1.2091	0.4593
-0.0454	-0.3182
0.7323	0.3191
-0.6753	-0.0709
-0.4330	0.0336
-0.1168	0.0540
0.3549	-0.2035
0.9261	-0.0607
1.1811	0.2044
1.2933	0.2707
-0.5733	-0.2239
-0.4407	-0.0607
-0.1296	0.0081
0.2554	-0.1653
0.8088	0.1509
0.9363	0.1662
0.9822	0.2222
0.9363	0.2834
0.9592	0.4364
-0.5886	-0.1627
-0.3871	-0.0302
-0.0556	-0.0098
0.2299	-0.1959
0.7935	0.1381
0.9465	0.1611
0.9924	0.2120
0.9618	0.2783
0.9286	0.3803
-0.4534	0.4185
0.1687	0.0693
0.1305	-0.2239
0.7552	0.2426
0.9898	0.4797
-0.2775	-0.2647
-0.5350	-0.1066
-0.2647	-0.0021
0.1203	-0.0760
-0.6141	-0.1219
-0.3540	0.0004
0.0107	-0.0047
0.1738	-0.1959
0.7680	0.2452
1.0536	0.4823
-0.2112	-0.2876
-0.6957	0.2299
-0.4636	0.2299
-0.1296	0.1713
0.5308	-0.2519
0.9286	-0.1729
1.2499	0.0157
0.0132	0.2834
0.8853	-0.4686
-0.7926	-0.0480
-0.6013	0.1432
-0.3718	0.1662
0.0438	0.0540
0.3472	-0.2647
0.8904	-0.1168
1.2244	0.1509
1.0765	-0.3055
0.0770	0.2426
0.8368	-0.4737
-0.7977	-0.0123
-0.6039	0.1713
-0.3642	0.2018
0.0744	0.0667
0.3141	-0.2570
0.8955	-0.0811
1.1964	0.1611
1.2907	-0.0047
-0.7365	-0.0480
-0.5376	0.0591
-0.2571	0.1126
0.2554	-0.0811
1.0026	0.4874
-0.0301	-0.2902
0.7935	0.4058
-0.2112	-0.2621
-0.6192	-0.0633
-0.3591	0.0310
0.0107	0.0106
0.2172	-0.2188
0.8139	0.0948
1.0179	0.1152
1.0332	0.2707
0.9898	0.4058
-0.6957	0.2146
-0.4815	0.2248
-0.1347	0.1738
0.4977	-0.2392
0.9771	-0.1729
1.2550	0.0667
-0.3489	0.4287
0.5232	-0.1678
1.0510	-0.1168
1.2372	0.2605
-0.5580	0.4083
-0.0735	0.2171
0.6838	-0.3412
0.1509	0.2324
0.7782	-0.4636
-0.8079	0.0973
-0.5784	0.2503
-0.3157	0.2324
0.2146	-0.0123
-0.5580	-0.1755
-0.3132	-0.0505
0.0515	-0.0607
-0.1576	-0.1984
-0.3412	-0.1831
-0.1321	-0.1015
0.0107	-0.1627
-0.6829	-0.0505
-0.4407	0.0208
-0.0888	0.0616
0.3778	-0.2214
0.9286	-0.0888
1.1938	0.1967
1.0842	-0.2953
-0.0148	0.3166
0.9465	-0.4712
-0.7620	-0.1423
-0.6039	0.0718
-0.3591	0.1228
0.0438	0.0489
0.3243	-0.2443
0.8878	-0.0786
1.1887	0.1636
1.2958	0.0922
-0.6957	-0.1296
-0.5019	0.0132
-0.2061	0.0744
0.2860	-0.1245
0.8037	0.2324
0.9159	0.3982
