0.7323	0.0310
0.8266	0.0744
0.8088	0.1228
0.7323	0.1840
0.6889	0.3727
-0.1449	-0.1704
-0.3948	-0.0837
-0.2443	0.0973
0.2350	-0.0888
1.1403	0.3701
-0.5835	-0.2545
-0.5554	-0.0021
-0.3667	0.2044
0.2860	-0.0709
0.8343	0.4721
0.0362	-0.2137
1.1734	0.3166
-0.6549	-0.2367
-0.6217	0.0285
-0.4585	0.2248
0.1585	0.0183
-0.2469	-0.1117
-0.1780	0.0106
0.0948	-0.0505
-0.4152	-0.1449
-0.2851	0.0718
0.1152	-0.0098
-0.2673	-0.1143
-0.1755	0.0106
0.1126	-0.0684
-0.5503	-0.1729
-0.4407	0.0718
-0.1143	0.1483
0.5181	-0.2647
0.9567	-0.1168
0.9847	0.2579
0.9159	0.4389
-0.3820	-0.2163
-0.3973	-0.0174
-0.1525	0.1126
0.3829	-0.1882
0.7221	0.0208
0.8215	0.0922
0.7807	0.1407
0.6864	0.2554
0.1611	0.1228
0.1611	-0.1423
0.9618	0.4823
-0.1015	-0.2061
-0.6600	-0.1066
-0.5452	0.1228
-0.2749	0.2299
0.6175	-0.2978
1.0689	-0.1015
0.9873	0.3446
0.0209	0.2299
0.8266	-0.4483
0.2248	0.1279
-0.0072	-0.1245
-0.4840	-0.1372
-0.3591	0.0897
0.0540	0.0463
0.0821	-0.1015
-0.6880	-0.1423
-0.5784	0.0973
-0.3616	0.2477
0.4747	-0.1729
0.8368	-0.0352
0.9363	0.1152
0.7833	0.2222
0.8215	0.4389
-0.1372	-0.1882
-0.4789	-0.1117
-0.3412	0.1024
0.1203	0.0132
-0.1908	-0.0913
-0.1474	-0.0098
0.0540	-0.0480
-0.2749	-0.0964
-0.1551	0.0310
0.1381	-0.0735
-0.7467	-0.1245
-0.6447	0.1024
-0.4585	0.2732
0.3192	-0.0684
0.7552	0.4389
0.0821	-0.2214
0.7272	0.4542
0.2733	-0.2927
0.6915	-0.0021
0.8343	0.0667
0.8419	0.1279
0.7552	0.1840
0.6787	0.3574
-0.2469	-0.1729
-0.3183	-0.0327
-0.0888	0.0591
0.2172	-0.1347
0.7144	0.4338
0.2070	-0.2469
0.5563	0.1585
0.6073	-0.1627
1.0051	-0.0327
0.9184	0.2554
0.8215	0.4211
-0.2749	-0.1984
-0.3616	-0.0429
-0.1372	0.0820
0.2937	-0.1500
0.5640	0.2503
-0.4993	-0.1984
-0.4203	0.0387
-0.1143	0.1203
0.4339	-0.2239
0.8547	-0.0709
0.9873	0.1458
0.7833	0.2758
1.2040	-0.1347
0.2937	0.0489
-0.6447	-0.1372
-0.5503	0.0999
-0.2749	0.2299
0.5716	-0.2545
1.0281	-0.1015
0.9694	0.3115
1.2142	0.2018
-0.8334	0.1534
-0.2851	0.3268
1.0128	-0.4355
-0.3463	0.4364
1.2831	-0.0480
-0.3820	-0.3055
-0.5860	-0.0811
-0.4509	0.1356
-0.0301	0.1075
0.4212	-0.2443
0.8496	-0.0837
0.9873	0.1432
0.7833	0.2987
0.3676	0.0004
0.8649	0.4797
0.0311	-0.2239
1.1020	0.4466
-0.3489	-0.2418
-0.4305	-0.0403
-0.2341	0.1279
0.3268	-0.1347
0.5895	0.2299
-0.7951	-0.0505
-0.6574	0.2120
-0.3004	0.2962
0.7960	-0.3590
1.0408	-0.2112
1.1046	0.2962
0.2095	0.1075
-0.0429	-0.1168
-0.3540	-0.1041
-0.1908	0.0565
0.1942	-0.0862
0.5589	-0.1347
0.9082	-0.0200
0.9414	0.1534
0.7578	0.2656
1.2219	-0.0684
-0.1729	0.3421
1.2219	-0.3565
-0.6243	-0.2978
-0.6727	0.0132
-0.5223	0.2146
-0.0429	0.1432
0.5589	-0.3131
1.0051	-0.1704
1.0179	0.2962
1.2244	0.0208
-0.3361	0.4109
1.2423	-0.2519
-0.6345	-0.2876
-0.6600	0.0157
-0.5019	0.2146
-0.0097	0.1330
0.4900	-0.2723
0.9490	-0.1347
1.0000	0.2426
0.8904	0.4262
-0.3744	-0.2112
-0.3795	-0.0072
-0.1449	0.0922
0.3523	-0.1857
0.6991	0.0616
0.7399	0.1483
0.6660	0.2630
-0.8053	0.1279
-0.4687	0.3472
0.6609	-0.2749
1.1020	-0.0556
0.9796	0.3676
-0.7161	0.3599
0.4314	-0.0913
0.6583	0.1330
0.6660	0.3574
-0.1729	-0.1678
-0.3463	-0.0607
-0.1653	0.0667
0.2529	-0.1219
0.6328	0.3931
0.1968	-0.2418
0.5563	0.1789
-0.7008	0.3701
0.3931	-0.0760
0.6022	0.2452
-0.7084	-0.1219
-0.6243	0.1126
-0.3871	0.2707
0.4671	-0.1755
0.8496	-0.0378
0.9592	0.1203
0.7960	0.2375
0.8547	0.4542
-0.1347	-0.1933
-0.5172	-0.1143
-0.3795	0.1075
0.0540	0.0489
0.0897	-0.1245
-0.8104	0.0285
-0.6447	0.2579
-0.1653	0.2324
0.8700	-0.4279
0.3600	0.0336
0.1789	0.1126
0.0821	-0.1321
-0.8155	0.1560
-0.4993	0.3599
0.5614	-0.2137
1.0000	-0.0684
0.9439	0.2732
0.9643	0.4466
-0.3693	-0.2239
-0.3973	-0.0276
-0.1653	0.1024
0.3574	-0.1729
0.6838	0.0667
0.7017	0.1815
0.7527	0.4236
-0.0607	-0.1806
-0.6957	-0.1015
-0.5707	0.1228
-0.2953	0.2324
0.6099	-0.2749
1.0510	-0.1015
0.9822	0.3319
0.3804	-0.0072
0.8496	0.4721
0.0617	-0.2239
0.7807	0.4848
0.2860	-0.2927
0.7144	-0.0302
0.9159	0.0285
0.8980	0.1407
0.7654	0.2120
0.7323	0.4083
-0.1015	-0.1831
-0.5376	-0.1143
-0.3897	0.1126
0.0107	0.0718
0.2248	-0.1576
0.5818	0.3523
0.0922	-0.2010
0.7935	0.4797
0.2299	-0.2749
0.6303	0.0718
0.6456	0.2222
0.3778	-0.0123
0.7348	0.4466
0.1840	-0.2519
0.5436	0.1840
-0.7365	0.3064
0.0999	0.1203
0.2835	-0.1984
0.6201	0.1356
0.7221	0.4185
0.0081	-0.1933
-0.5172	0.4313
0.9924	-0.4024
0.4569	-0.0429
0.6328	0.1942
1.1734	-0.2163
0.6507	-0.1780
1.0587	-0.0251
0.9057	0.3038
1.1326	0.3956
-0.5733	-0.2316
-0.5401	0.0259
-0.3361	0.1942
0.3651	-0.1372
0.6405	0.1407
0.7017	0.3956
-0.0352	-0.1908
-0.7747	0.0259
-0.6039	0.2579
-0.1092	0.2018
0.7629	-0.4151
0.7858	-0.1933
1.1020	0.1126
0.8955	0.3931
-0.7314	-0.1168
-0.6447	0.1432
-0.3744	0.2707
0.5614	-0.2316
1.0230	-0.0837
0.9567	0.2962
1.1071	0.4032
-0.5809	-0.2392
-0.5376	0.0183
-0.3336	0.1916
0.3651	-0.1296
0.6226	0.1662
0.9949	0.4670
-0.2520	-0.2188
-0.4330	-0.0837
-0.2469	0.1101
0.2656	-0.0939
0.7960	0.4670
0.1126	-0.2367
0.5385	0.3548
0.2580	-0.2570
0.6609	0.0438
0.7297	0.1305
0.6736	0.2477
-0.2673	0.3727
1.2015	-0.3667
-0.7569	-0.2163
-0.7033	0.1611
-0.4585	0.3013
0.4798	-0.1780
0.8802	-0.0505
0.9745	0.1534
0.7833	0.2656
1.1530	0.3650
-0.6217	-0.2367
-0.5656	0.0387
-0.3744	0.2146
0.3166	-0.0913
0.6099	0.3650
0.0872	-0.1959
0.8266	0.4823
0.1789	-0.2647
0.5589	0.1764
-0.1576	0.3242
1.1632	-0.4304
-0.7747	-0.2061
-0.7161	0.1764
-0.4330	0.3166
0.5818	-0.2392
1.0408	-0.0760
0.9490	0.3242
1.2219	-0.0786
0.1152	0.1891
0.5104	-0.3284
0.9796	-0.1780
1.0459	0.2962
1.1403	0.3956
-0.6421	-0.2112
-0.5911	0.0540
-0.3948	0.2273
0.3421	-0.0913
0.5844	0.3038
-0.2061	-0.1576
-0.2979	-0.0429
-0.0811	0.0310
0.1738	-0.1143
1.2142	0.0616
-0.7773	0.3472
0.4033	-0.0811
0.6124	0.2350
-0.8079	0.1483
-0.4611	0.3574
0.6838	-0.2927
1.1199	-0.0505
1.0204	0.3803
-0.7977	0.2222
-0.1984	0.2860
0.9924	-0.4559
-0.5019	0.4823
1.2525	-0.1576
-0.6676	-0.2723
-0.6600	0.0310
-0.5121	0.2171
0.0260	0.1228
0.3982	-0.2443
0.8419	-0.0735
1.0051	0.1305
0.8062	0.2783
1.2168	0.2018
-0.8257	0.0208
-0.5605	0.3446
0.3574	-0.0658
0.6099	0.3472
-0.0480	-0.1653
-0.6243	-0.1245
-0.5146	0.0999
-0.2010	0.1916
0.5997	-0.3080
1.0561	-0.1321
1.0102	0.3370
0.2121	0.1050
-0.0352	-0.1092
-0.3616	-0.1041
-0.2112	0.0591
0.1942	-0.0837
-0.1041	0.3140
1.1479	-0.4381
-0.7696	-0.2494
-0.7390	0.1305
-0.5172	0.3064
0.2733	-0.0200
-0.4126	0.4389
1.1734	-0.3386
-0.8665	-0.0098
-0.5707	0.3701
0.5002	-0.1474
0.8598	-0.0200
0.9490	0.1254
0.7935	0.2375
0.8470	0.4542
-0.1245	-0.1882
-0.5223	-0.1168
-0.3846	0.1024
0.0387	0.0540
0.1534	-0.1296
1.2117	0.2248
-0.8104	-0.1117
-0.6906	0.2120
-0.3718	0.3115
0.7246	-0.3157
1.0995	-0.1092
1.0689	0.3446
-0.7492	0.3446
0.3345	-0.0429
0.8139	0.4593
0.0489	-0.2239
0.8904	0.4823
0.0719	-0.2290
0.6838	0.4491
0.3880	-0.3335
0.8419	-0.1423
1.0510	0.1585
0.8164	0.3472
-0.7798	-0.0302
-0.6319	0.2350
-0.1831	0.2426
0.8292	-0.4228
0.6405	-0.1423
1.0102	-0.0302
0.9235	0.2579
0.8037	0.4083
-0.2749	-0.2010
-0.3489	-0.0403
-0.1296	0.0616
0.2835	-0.1372
0.5614	0.2758
-0.2749	-0.1704
-0.2775	-0.0098
-0.0225	0.0208
0.0922	-0.1066
-0.7365	-0.1041
-0.6141	0.1228
-0.3973	0.2579
0.4594	-0.1576
0.8088	-0.0149
0.9312	0.0948
0.8241	0.1993
0.7068	0.3344
-0.4585	-0.1984
-0.3871	0.0310
-0.1143	0.1024
0.3931	-0.1984
0.7807	-0.0174
0.9388	0.0693
0.8598	0.1865
0.7170	0.2732
-0.5427	0.4211
0.9465	-0.3922
0.8547	-0.2545
1.1326	0.1840
1.0867	0.4083
-0.6523	-0.1933
-0.5911	0.0616
-0.3795	0.2324
0.3600	-0.1015
0.6099	0.2248
-0.7237	0.3421
0.2503	0.0285
-0.5733	-0.1653
-0.4585	0.0718
-0.1576	0.1458
0.5283	-0.2698
0.9975	-0.1245
0.9898	0.2834
1.1148	0.3982
-0.6013	-0.2316
-0.5605	0.0208
-0.3540	0.2069
0.3345	-0.1041
0.5818	0.2758
-0.3412	-0.1831
-0.3004	0.0081
-0.0021	0.0361
0.1075	-0.1168
-0.8155	0.1840
-0.4407	0.3574
0.7552	-0.3208
1.1173	-0.1041
1.1122	0.3370
-0.7620	0.3242
0.1891	0.0565
-0.1449	-0.1092
-0.1908	-0.0429
-0.0021	-0.0225
-0.0709	-0.0760
-0.1551	-0.0684
-0.0454	-0.0327
-0.0378	-0.0607
-0.1423	-0.0684
-0.0709	-0.0327
-0.0276	-0.0633
-0.1627	-0.0760
-0.0786	-0.0276
-0.0021	-0.0633
-0.2188	-0.0837
-0.1117	-0.0098
0.0872	-0.0735
-0.4789	-0.1653
-0.3591	0.0642
0.0209	0.0591
0.1636	-0.1423
1.0485	0.4262
-0.3463	-0.2545
-0.4254	-0.0607
-0.2188	0.1024
0.3370	-0.1449
0.6099	0.1789
1.1632	-0.1729
0.4033	-0.0123
0.6864	0.4160
0.1534	-0.2341
0.5283	0.2834
-0.1015	-0.1602
-0.4050	-0.1092
-0.2520	0.0693
0.2019	-0.0684
-0.5274	0.4440
1.0408	-0.3820
-0.0148	0.2732
1.0485	-0.5018
-0.8691	-0.0735
-0.6115	0.3599
0.3498	-0.0582
0.6634	0.3880
0.0719	-0.2035
0.8853	0.4848
0.0668	-0.2367
0.6838	0.4389
0.3778	-0.3284
0.8266	-0.1321
1.0408	0.1356
0.8292	0.3395
-0.8028	0.1942
-0.3132	0.3370
0.9465	-0.4279
0.2121	0.1279
0.0744	-0.1321
-0.8053	0.1713
-0.4789	0.3523
0.6175	-0.2469
1.0663	-0.0556
0.9541	0.3370
0.2707	0.0616
-0.4738	-0.1653
-0.3591	0.0616
0.0183	0.0489
0.1560	-0.1296
1.2142	0.0871
-0.8232	0.2783
0.0438	0.1636
0.5716	-0.3488
0.9796	-0.1933
1.0587	0.2758
1.2244	0.0693
-0.5605	0.4491
1.0612	-0.3845
-0.0684	0.2936
1.1428	-0.4661
-0.7314	-0.2494
-0.7263	0.1126
-0.5223	0.2783
0.1815	0.0412
-0.2163	-0.1117
-0.1729	-0.0123
0.0617	-0.0480
-0.2979	-0.1194
-0.1653	0.0157
0.1432	-0.0709
-0.7365	-0.1245
-0.6268	0.0948
-0.4203	0.2579
0.3370	-0.0913
0.6124	0.3370
-0.0658	-0.1678
-0.5427	-0.1423
-0.3999	0.0948
-0.0199	0.0948
0.3753	-0.2112
0.7476	-0.0098
0.8929	0.0744
0.8445	0.1738
0.7144	0.2732
-0.5860	0.4185
0.8674	-0.3539
1.0944	-0.1959
1.1607	0.2452
-0.3336	0.4058
1.2295	-0.2953
-0.7084	-0.2672
-0.6957	0.0514
-0.5223	0.2503
0.0107	0.1279
0.4594	-0.2596
0.9082	-0.1219
1.0128	0.2248
0.8266	0.3905
-0.4764	-0.2112
-0.4254	0.0106
-0.1602	0.1279
0.4365	-0.2137
0.8547	-0.0684
0.9873	0.1432
0.7833	0.2732
1.1811	-0.1882
0.5589	-0.1092
0.9057	-0.0327
0.9720	0.1509
0.7756	0.2477
1.0000	0.4797
-0.2596	-0.2239
-0.4305	-0.0760
-0.2469	0.0948
0.2733	-0.1092
0.6405	0.3931
0.1687	-0.2341
0.5257	0.2426
-0.3336	-0.1729
-0.3004	0.0081
0.0107	0.0132
0.0617	-0.0939
-0.5274	-0.1576
-0.3973	0.0846
-0.0378	0.0948
0.3676	-0.2061
0.7425	0.0081
0.8700	0.0667
0.8445	0.1483
0.7323	0.2222
0.9159	0.4772
-0.1347	-0.2061
-0.5605	-0.1168
-0.4254	0.1075
-0.0327	0.1075
0.3880	-0.2341
0.8164	-0.0531
0.9873	0.1024
0.8215	0.2426
0.8368	0.4415
-0.1525	-0.1959
-0.4917	-0.1092
-0.3412	0.0948
0.1203	0.0030
-0.2265	-0.1092
-0.1576	-0.0149
0.0668	-0.0556
-0.3285	-0.1168
-0.2061	0.0336
0.1534	-0.0709
-0.7645	-0.0913
-0.6498	0.1203
-0.4407	0.2834
0.3651	-0.0964
0.5997	0.2579
-0.5682	-0.2086
-0.4611	0.0489
-0.1959	0.1687
0.5028	-0.2316
0.9414	-0.1015
0.9796	0.2375
0.8598	0.4185
-0.3795	-0.2137
-0.3769	-0.0098
-0.1092	0.0922
0.3421	-0.1729
0.6634	0.0922
0.6660	0.2503
-0.6115	0.4262
0.7552	-0.3106
1.1403	-0.0302
1.0918	0.3625
-0.8308	0.0616
-0.5503	0.3472
0.3651	-0.0786
0.6022	0.3140
-0.2188	-0.1653
-0.2953	-0.0429
-0.0607	0.0387
0.1687	-0.1143
0.9516	-0.2927
1.1734	0.0948
1.1122	-0.2443
1.1607	-0.1729
1.1632	-0.1780
1.1352	-0.2214
1.2040	-0.0607
0.9286	-0.2800
1.1709	0.1815
1.2168	-0.0531
0.2325	0.0922
-0.1500	-0.1117
-0.1959	-0.0327
-0.0123	-0.0200
-0.0352	-0.0760
-0.1959	-0.0735
-0.0837	-0.0225
0.0285	-0.0607
-0.2902	-0.1143
-0.1551	0.0259
0.1509	-0.0735
-0.8053	-0.0403
-0.6702	0.1967
-0.3820	0.3115
0.6099	-0.2570
1.0536	-0.0760
0.9643	0.3370
0.2835	0.0489
-0.5605	-0.1653
-0.4560	0.0667
-0.1347	0.1483
0.5053	-0.2672
0.9694	-0.1245
0.9898	0.2732
1.0077	0.4364
-0.4407	-0.2316
-0.4356	-0.0174
-0.1933	0.1330
0.4084	-0.1831
0.7858	0.0004
0.9159	0.0693
0.8521	0.1738
0.7195	0.2579
0.0897	0.1789
0.5359	-0.3361
0.9873	-0.1831
1.0485	0.2962
1.2219	0.2018
-0.8257	0.1483
-0.3310	0.3370
0.9312	-0.4202
0.4135	0.0055
0.6787	0.4185
0.1636	-0.2443
0.5283	0.2350
-0.3948	-0.1755
-0.3361	0.0234
-0.0072	0.0412
0.1407	-0.1194
0.1560	0.1279
0.2299	-0.1959
0.5538	0.2324
-0.5529	-0.1933
-0.4509	0.0463
-0.1704	0.1483
0.4926	-0.2469
0.9567	-0.1092
0.9822	0.2426
0.8776	0.4338
-0.3667	-0.2137
-0.3769	-0.0200
-0.1296	0.0795
0.3294	-0.1678
0.6507	0.1152
0.6558	0.3166
-0.3769	-0.1959
-0.3387	-0.0021
-0.0327	0.0540
0.2044	-0.1372
0.7374	0.4466
0.1968	-0.2647
0.5793	0.1432
1.1326	0.4083
-0.4917	-0.2570
-0.4891	-0.0149
-0.2724	0.1534
0.3651	-0.1525
0.6660	0.1101
0.6532	0.2732
-0.7161	-0.1347
-0.6039	0.1101
-0.3846	0.2528
0.4186	-0.1500
0.7450	0.0438
0.8190	0.0922
0.7935	0.1432
0.6991	0.2477
0.8343	-0.2723
1.1683	0.1305
1.1428	0.3676
-0.7722	-0.0939
-0.6523	0.1942
-0.3157	0.2758
0.7374	-0.3412
1.0816	-0.1755
1.1097	0.3242
-0.4917	0.4338
1.1097	-0.3871
-0.6039	0.4568
1.0995	-0.3743
-0.3489	0.4415
1.2678	-0.1653
-0.5197	-0.2953
-0.6039	-0.0429
-0.4407	0.1713
0.0413	0.0846
0.2580	-0.1780
0.5844	0.2248
-0.7773	-0.0633
-0.6549	0.1738
-0.3693	0.2911
0.5971	-0.2647
1.0638	-0.0786
0.9720	0.3370
0.2860	0.0514
-0.6141	-0.1525
-0.5019	0.0820
-0.2214	0.1815
0.5563	-0.2698
1.0306	-0.1117
0.9822	0.3064
1.2142	-0.0786
0.0489	0.2324
0.8139	-0.4534
0.1483	0.1738
0.4416	-0.2978
0.9261	-0.1449
1.0255	0.2299
0.8674	0.4185
-0.4177	-0.2239
-0.4024	-0.0072
-0.1347	0.1024
0.3778	-0.1933
0.7348	0.0183
0.8649	0.0616
0.8649	0.1279
0.7833	0.1891
0.6813	0.3191
-0.4764	-0.1882
-0.4075	0.0310
-0.1066	0.1050
0.3906	-0.2163
0.8088	-0.0327
0.9822	0.0871
0.8343	0.2120
0.7297	0.3676
-0.3234	-0.1908
-0.3310	-0.0123
-0.0607	0.0565
0.2197	-0.1423
0.6660	0.4160
0.2427	-0.2570
0.6328	0.0744
0.6634	0.2044
1.1913	0.3344
-0.6600	-0.2188
-0.6039	0.0438
-0.4101	0.2299
0.2784	-0.0480
1.1658	0.3344
-0.6268	-0.2341
-0.5835	0.0132
-0.3846	0.2018
0.2503	-0.0454
0.0209	0.2324
0.8751	-0.4788
-0.3285	0.4542
1.2907	-0.0123
-0.3004	-0.2953
-0.6447	-0.0837
-0.5044	0.1305
-0.1755	0.1840
0.6405	-0.3259
1.0536	-0.1576
1.0612	0.3344
0.0922	0.1891
0.5869	-0.3412
0.9694	-0.1984
1.0740	0.2783
1.2168	0.1764
-0.7951	0.2452
-0.0709	0.2222
0.8623	-0.4636
0.0387	0.2503
0.9184	-0.4890
-0.5707	0.4823
1.2270	-0.2290
-0.7951	-0.1372
-0.6957	0.2095
-0.3540	0.3115
0.7527	-0.3488
1.1020	-0.1653
1.1199	0.3268
-0.5835	0.4364
0.9439	-0.3845
0.9184	-0.2519
1.1326	0.2146
1.2168	0.1840
-0.7492	0.3293
0.2733	0.0004
-0.7951	0.1458
-0.4662	0.3523
0.6175	-0.2443
1.0765	-0.0607
0.9490	0.3344
0.4926	-0.0837
0.7297	0.0693
0.7833	0.1075
0.7552	0.1611
0.6762	0.3064
-0.6217	-0.1653
-0.5325	0.0795
-0.2647	0.1942
0.5283	-0.2367
1.0026	-0.1117
0.9873	0.2936
1.0077	0.4466
-0.3999	-0.2265
-0.4152	-0.0200
-0.1704	0.1152
0.3727	-0.1857
0.7221	0.0310
0.8266	0.0871
0.8215	0.1203
0.7629	0.1687
0.6787	0.3038
-0.5733	-0.1780
-0.4789	0.0616
-0.2137	0.1738
0.5104	-0.2469
0.9873	-0.1219
0.9949	0.2809
0.9592	0.4517
-0.3565	-0.2239
-0.3973	-0.0276
-0.1576	0.0871
0.3370	-0.1704
0.6583	0.0922
0.6660	0.2554
-0.7441	0.2987
0.0744	0.1407
0.4237	-0.2647
0.8980	-0.1168
1.0179	0.1916
0.7986	0.3574
-0.6931	-0.1423
-0.6013	0.0973
-0.3412	0.2528
0.4951	-0.2035
0.9439	-0.0735
0.9847	0.2146
0.7858	0.3625
-0.6319	-0.1704
-0.5478	0.0693
-0.3132	0.2120
0.4798	-0.2035
0.9057	-0.0811
0.9847	0.1840
0.7756	0.3242
-0.7926	0.1356
-0.4254	0.3370
0.7297	-0.3233
1.1352	-0.0939
1.0969	0.3599
-0.7875	0.2146
-0.1729	0.2834
0.9847	-0.4585
-0.4381	0.4644
1.2652	-0.1296
-0.5452	-0.2978
-0.5937	-0.0200
-0.4279	0.1840
0.0693	0.0744
0.1534	-0.1347
1.1709	0.3395
-0.6064	-0.2418
-0.5784	0.0055
-0.3846	0.1942
