0.4467	0.1840
-0.4458	-0.1627
-0.5121	0.0820
-0.3055	0.2579
0.6583	-0.3182
1.0204	-0.0913
0.8394	0.2069
0.6328	0.3446
-0.2469	-0.1219
-0.3897	0.0540
-0.2137	0.1840
0.4288	-0.1933
0.5716	0.0489
0.4722	0.3064
-0.0097	-0.1041
-0.4840	-0.1066
-0.4993	0.1585
-0.1347	0.1942
0.5385	-0.2723
0.8649	-0.1117
0.9235	0.0667
0.7170	0.1458
0.5436	0.3268
-0.1143	-0.1015
-0.3693	0.0004
-0.2877	0.1840
0.3217	-0.1117
0.4339	0.3344
0.3370	-0.2418
0.4747	0.1101
-0.0939	0.2834
0.9694	-0.4610
0.9312	-0.2596
0.9924	0.1840
0.6787	0.3166
-0.5707	-0.2214
-0.6549	0.0489
-0.5478	0.2936
0.5512	-0.2239
0.8292	-0.0964
0.9108	0.0336
0.7552	0.0948
0.5563	0.1865
-0.8512	0.0310
0.0693	0.1330
0.1534	-0.0837
-0.8665	0.0004
-0.1959	0.3013
1.0612	-0.4432
0.5614	-0.1245
0.6813	-0.0098
0.6379	0.0667
0.4875	0.2630
-0.2392	-0.0939
-0.3463	0.0744
-0.1041	0.1305
0.2401	-0.1117
0.7680	0.4211
-0.1780	-0.1423
-0.4101	-0.0021
-0.3463	0.2018
0.3319	-0.1092
0.4186	0.3293
0.2886	-0.2163
0.3753	0.2222
-0.1653	-0.0709
-0.2902	0.0667
-0.0837	0.1126
0.1483	-0.0556
-0.7084	-0.1959
-0.7416	0.0846
-0.5784	0.3395
0.8139	-0.3539
1.0867	0.0489
0.7807	0.2911
-0.6651	0.4262
1.2219	0.1993
-0.6957	-0.3055
-0.8028	0.1126
-0.3336	0.3319
1.1403	-0.3590
0.0591	0.1967
0.4237	-0.2239
0.6073	0.0081
0.5104	0.1840
-0.7288	-0.1984
-0.7645	0.1228
-0.3693	0.3472
1.0842	-0.3947
0.7450	-0.2265
1.0077	-0.0021
0.7731	0.1738
0.5818	0.3242
-0.1857	-0.1041
-0.3489	0.0412
-0.2112	0.1560
0.3651	-0.1449
0.4059	0.2248
-0.1831	-0.0735
-0.3081	0.0667
-0.0760	0.1101
0.1611	-0.0607
-0.7875	-0.1653
-0.7773	0.2044
-0.0760	0.2273
0.6838	-0.3590
1.0281	-0.1219
0.8623	0.2324
0.7144	0.3701
-0.3234	-0.1653
-0.4407	0.0514
-0.2953	0.2171
0.5283	-0.2316
0.8062	-0.0913
0.8980	0.0208
0.7654	0.0795
0.5793	0.1738
0.5385	-0.1423
0.7017	-0.0174
0.7017	0.0310
0.6073	0.1101
0.5691	0.3752
0.0897	-0.1321
-0.7543	0.3472
1.1989	-0.1959
0.5359	-0.1168
0.6303	0.0310
0.5104	0.1967
-0.7059	-0.1729
-0.7390	0.1585
-0.2188	0.2758
0.9414	-0.4432
1.0791	-0.1831
0.9312	0.2936
1.0536	0.3650
-0.8716	0.0999
0.7527	-0.2825
1.0714	0.0157
0.7654	0.2299
0.8955	0.4185
-0.4917	-0.2316
-0.6090	0.0208
-0.5223	0.2707
0.4186	-0.1449
0.4747	0.1560
-0.7951	-0.1423
-0.7084	0.2987
0.6736	-0.2698
1.0179	-0.0633
0.8190	0.1789
0.5844	0.3166
-0.2673	-0.1245
-0.3871	0.0591
-0.1780	0.1585
0.3957	-0.1755
0.4900	0.1356
-0.6319	0.4287
1.2346	0.1534
-0.7543	-0.2723
-0.7543	0.2860
0.6252	-0.2367
0.9516	-0.0939
0.8827	0.1407
0.6175	0.2018
-0.2571	0.3650
1.2550	-0.1525
-0.8793	-0.1423
0.2835	0.0183
-0.8436	-0.0633
-0.5019	0.3854
1.1887	-0.2519
-0.1984	0.3446
1.2499	-0.1729
-0.8487	-0.2086
-0.1525	0.2834
1.0128	-0.4585
0.7858	-0.2239
1.0281	0.0336
0.7552	0.2018
0.6940	0.3982
-0.1780	-0.1194
-0.3871	0.0208
-0.2953	0.1916
0.3804	-0.1449
0.4339	0.1993
-0.3616	-0.1245
-0.4228	0.1101
-0.1576	0.1815
0.4569	-0.2188
0.6609	-0.0200
0.6583	0.0693
0.5028	0.2248
-0.4432	-0.1678
-0.5248	0.0795
-0.3387	0.2579
0.6711	-0.3080
1.0281	-0.0888
0.8368	0.2069
0.6354	0.3497
-0.2418	-0.1245
-0.3871	0.0489
-0.2061	0.1764
0.4186	-0.1857
0.5410	0.0846
0.6252	0.3880
0.0107	-0.1347
-0.6625	-0.1653
-0.6804	0.1024
-0.4866	0.3319
0.8776	-0.3794
1.1148	0.0540
0.8266	0.3293
-0.8512	0.2146
0.9796	-0.3565
1.1097	0.1764
0.8853	0.3701
-0.7900	-0.1602
-0.6702	0.3344
0.9388	-0.3769
1.1097	0.1126
0.8521	0.3548
-0.8283	-0.1092
-0.4713	0.3752
1.2117	-0.2061
-0.6013	0.4695
1.1530	0.4236
-0.2239	-0.2239
-0.5529	-0.0837
-0.5580	0.1764
-0.1321	0.2146
0.6150	-0.3259
0.9898	-0.1296
0.8751	0.1840
0.5971	0.2885
-0.4203	-0.1729
-0.4993	0.0795
-0.3412	0.2503
0.6226	-0.2953
0.9975	-0.1015
0.8623	0.1738
0.5818	0.2707
-0.4534	-0.1780
-0.5376	0.0693
-0.3871	0.2656
0.6379	-0.2876
0.9975	-0.0990
0.8598	0.1764
0.5869	0.2860
-0.4101	-0.1653
-0.4917	0.0820
-0.3081	0.2452
0.6175	-0.2978
0.9771	-0.1117
0.8802	0.1738
0.5895	0.2707
-0.5146	-0.1933
-0.5835	0.0591
-0.4687	0.2758
0.6073	-0.2698
0.9592	-0.1092
0.8827	0.1381
0.6022	0.2222
-0.8512	0.0973
0.3957	-0.0811
0.4212	0.3140
0.1636	-0.1525
0.8853	0.4364
-0.3540	-0.1984
-0.4993	0.0183
-0.4152	0.2375
0.4390	-0.1729
0.5614	0.0820
0.5818	0.3778
0.0770	-0.1321
-0.8563	0.1356
0.4365	-0.1041
0.4390	0.2146
-0.3132	-0.1143
-0.3718	0.1075
-0.0888	0.1407
0.2707	-0.1168
0.5385	0.3803
0.2631	-0.2137
0.3370	0.2605
0.1458	-0.1398
1.1326	-0.1831
1.0714	0.2732
1.1811	-0.0276
1.1097	0.2579
1.0714	-0.2774
1.0102	0.2860
1.0459	0.3701
-0.8487	0.1534
0.8700	-0.3412
1.0842	0.1279
0.7501	0.3217
-0.7773	-0.1500
-0.6804	0.3140
0.8394	-0.3539
1.1071	0.0922
0.7731	0.3166
-0.8461	0.1560
0.7450	-0.3004
1.0714	0.0208
0.7629	0.2375
1.0077	0.4032
-0.7288	-0.2214
-0.7492	0.2146
0.1968	0.0361
-0.4228	-0.1168
-0.4585	0.1305
-0.1143	0.1713
0.4212	-0.2163
0.5997	0.0259
0.4900	0.2324
-0.4177	-0.1525
-0.4764	0.0999
-0.2673	0.2248
0.6277	-0.2927
0.9949	-0.1168
0.8751	0.1738
0.5920	0.2809
-0.4968	-0.1984
-0.5682	0.0642
-0.4407	0.2732
0.6175	-0.2749
0.9898	-0.0964
0.8776	0.1687
0.5818	0.2503
-0.5988	-0.2061
-0.6676	0.0540
-0.5248	0.3064
0.6813	-0.2851
1.0255	-0.0633
0.8292	0.1967
0.6099	0.3344
-0.2392	-0.1194
-0.3718	0.0591
-0.1933	0.1687
0.3957	-0.1704
0.4849	0.1381
-0.6804	0.4083
1.2321	0.0693
-0.8869	-0.0811
0.3319	-0.0302
1.0102	0.3982
-0.7033	-0.2596
-0.7773	0.1075
-0.3820	0.3472
1.1097	-0.3794
0.5206	-0.0939
0.5895	0.0846
0.5206	0.3472
0.1024	-0.1423
-0.2265	0.3370
1.2448	-0.2061
-0.8997	-0.0505
0.7144	-0.2647
1.0357	-0.0200
0.7909	0.2018
0.6507	0.3727
-0.1806	-0.1168
-0.3769	0.0259
-0.2545	0.1815
0.3880	-0.1576
0.4518	0.1687
-0.5784	-0.2010
-0.6268	0.0616
-0.5095	0.2962
0.6099	-0.2647
0.9490	-0.1066
0.8853	0.1509
0.6048	0.2222
-0.8538	0.0948
0.3523	-0.0505
0.5844	0.3956
0.1611	-0.1831
0.5818	0.4083
0.2962	-0.2341
0.3829	0.1815
-0.3004	-0.0964
-0.3693	0.1024
-0.0480	0.1101
0.1432	-0.0556
-0.7161	-0.1831
-0.7492	0.0948
-0.4993	0.3548
1.0000	-0.3871
1.1326	-0.0454
0.9108	0.3319
-0.2673	0.3701
1.2652	-0.0709
-0.7849	-0.2774
-0.6625	0.3752
1.1224	-0.3182
0.9975	-0.2570
0.9898	0.2426
0.7909	0.3854
-0.4815	-0.2137
-0.5784	0.0285
-0.4917	0.2758
0.4747	-0.1704
0.6252	0.0132
0.5206	0.1687
-0.8563	0.1305
0.4569	-0.1117
0.5002	0.1560
-0.8512	0.1560
0.5614	-0.1933
0.8062	-0.0658
0.8878	0.0055
0.7960	0.0667
0.6507	0.1203
0.5232	0.3497
0.0438	-0.1245
-0.7416	-0.1321
-0.7263	0.2018
-0.0097	0.1764
0.4008	-0.2086
0.5563	0.0667
0.5104	0.3548
0.1228	-0.1551
1.1403	-0.1959
1.0867	0.2681
1.1836	-0.0480
1.1097	0.2656
1.0281	-0.3004
1.0204	0.2656
0.8955	0.4058
-0.6268	-0.2290
-0.7084	0.0667
-0.5197	0.3191
0.8674	-0.3794
1.1275	0.0718
0.8139	0.3319
-0.8461	0.1254
0.5997	-0.2112
0.9082	-0.0990
0.9108	0.0795
0.6991	0.1407
0.5308	0.3242
-0.0505	-0.1015
-0.4203	-0.0454
-0.3948	0.1738
0.1611	0.0081
-0.4407	-0.1219
-0.4789	0.1305
-0.1372	0.1942
0.5002	-0.2519
0.8011	-0.0913
0.9184	0.0183
0.7858	0.0795
0.6022	0.1534
0.9745	0.4211
-0.5860	-0.2545
-0.6855	0.0310
-0.5733	0.3013
0.5793	-0.2163
0.8853	-0.1041
0.9184	0.0744
0.7068	0.1305
0.5130	0.2987
-0.1347	-0.0939
-0.3412	0.0259
-0.2163	0.1636
0.3370	-0.1321
0.3931	0.2962
0.2070	-0.1627
0.4722	0.3880
0.5206	-0.3488
0.8649	-0.1729
0.9796	0.1024
0.6991	0.1738
0.6787	0.3982
-0.1168	-0.1143
-0.4177	-0.0276
-0.3565	0.1916
0.2758	-0.0837
0.7782	0.4262
-0.1882	-0.1423
-0.4101	0.0004
-0.3463	0.1916
0.3498	-0.1270
0.4059	0.2911
0.1024	-0.1321
-0.8538	0.1967
0.7144	-0.2672
1.0408	-0.0251
0.7960	0.2095
0.6379	0.3650
-0.1908	-0.1117
-0.3693	0.0387
-0.2341	0.1738
0.4008	-0.1704
0.4824	0.1483
-0.8614	0.0693
0.1611	0.0744
-0.2061	-0.0225
-0.2239	0.0948
0.0897	0.0157
-0.2775	-0.0225
-0.2545	0.1228
0.1764	-0.0225
-0.6115	-0.1882
-0.6549	0.0642
-0.5503	0.3038
0.5691	-0.2239
0.8547	-0.0964
0.8904	0.0718
0.7144	0.1330
0.5232	0.2987
-0.1678	-0.0939
-0.3361	0.0412
-0.1882	0.1432
0.3217	-0.1321
0.3982	0.3140
0.2529	-0.1984
0.3472	0.2936
0.3421	-0.2392
0.4722	0.1101
-0.0199	0.2350
0.6609	-0.3565
1.0332	-0.1372
0.8751	0.2248
0.6685	0.3523
-0.2800	-0.1423
-0.4177	0.0540
-0.2341	0.1916
0.4645	-0.2188
0.6940	-0.0251
0.7068	0.0310
0.6201	0.1152
0.5589	0.3625
0.0591	-0.1347
-0.8308	-0.0480
-0.5121	0.3778
1.1734	-0.2927
0.3064	0.0463
-0.7875	-0.1143
-0.7186	0.2936
0.5589	-0.2010
0.8368	-0.0760
0.8904	0.0259
0.7680	0.0871
0.5920	0.1713
1.1938	-0.0964
1.1454	0.2171
1.1964	0.0285
1.1479	0.2401
1.1301	-0.2341
1.0179	0.3115
1.2066	0.0693
1.2040	0.0744
1.1403	0.2630
0.9771	-0.3157
1.0306	0.2350
0.7756	0.3803
-0.4866	-0.1984
-0.5784	0.0565
-0.4585	0.2732
0.6099	-0.2647
0.9796	-0.1117
0.8904	0.1534
0.6099	0.2299
-0.8104	0.2197
0.8802	-0.3514
1.0918	0.1356
0.7680	0.3370
-0.7543	-0.1653
-0.6957	0.2758
0.5614	-0.2061
0.8649	-0.0964
0.9312	0.0489
0.7552	0.1024
0.5512	0.1942
-0.8308	0.0616
0.1942	0.0514
-0.3693	-0.0913
-0.3871	0.1356
0.0234	0.0795
-0.0148	-0.0072
-0.2418	0.0157
-0.1423	0.0973
0.1305	-0.0352
-0.5274	-0.1576
-0.5631	0.1101
-0.3463	0.2834
0.7552	-0.3590
1.0918	-0.0200
0.8062	0.2758
1.1760	-0.1015
1.1224	0.2630
1.1632	-0.1627
1.0357	0.3115
0.9949	-0.3080
1.0281	0.2503
0.8139	0.3880
-0.5401	-0.2316
-0.6268	0.0412
-0.5197	0.2834
0.5767	-0.2239
0.8853	-0.1168
0.9312	0.0897
0.6940	0.1330
0.5283	0.3191
-0.0786	-0.0913
-0.3871	-0.0200
-0.3285	0.1738
0.2707	-0.0811
0.8547	0.4313
-0.3234	-0.1857
-0.4789	0.0157
-0.3769	0.2248
0.4594	-0.1933
0.6405	0.0081
0.5716	0.1356
1.0918	0.3650
-0.8691	-0.0276
0.1738	0.0795
-0.2520	-0.0327
-0.2545	0.1177
0.1050	0.0081
-0.3285	-0.0556
-0.3285	0.1330
0.1330	0.0055
-0.3897	-0.1015
-0.4024	0.1432
0.0107	0.1075
0.0922	-0.0429
-0.4611	-0.1245
-0.4866	0.1305
-0.1372	0.1967
0.5283	-0.2647
0.8368	-0.1092
0.9235	0.0616
0.7246	0.1279
0.5334	0.2936
-0.2392	-0.1041
-0.3463	0.0744
-0.1245	0.1432
0.3115	-0.1245
0.4084	0.3268
0.3574	-0.2494
0.5283	0.0616
0.5818	0.3829
0.0999	-0.1449
0.0642	0.1840
0.3472	-0.1908
0.4390	0.1662
-0.5554	-0.1933
-0.6192	0.0667
-0.4840	0.2936
0.6252	-0.2672
0.9771	-0.0913
0.8649	0.1560
0.5895	0.2630
-0.5605	-0.2112
-0.6217	0.0540
-0.5019	0.2911
0.5946	-0.2367
0.9159	-0.1066
0.9006	0.1024
0.6532	0.1713
0.8572	0.4262
-0.3591	-0.1933
-0.4968	0.0310
-0.3820	0.2452
0.4951	-0.2010
0.7272	-0.0480
0.7884	0.0081
0.7654	0.0387
0.6813	0.0846
0.5002	0.2375
-0.4075	-0.1449
-0.4687	0.0922
-0.2290	0.2120
0.5844	-0.2723
0.9465	-0.1245
0.9184	0.1432
0.6252	0.1993
0.3447	-0.0200
0.8751	0.4440
-0.3157	-0.1831
-0.4713	0.0208
-0.3769	0.2299
0.4671	-0.1882
0.6507	0.0004
0.5920	0.1126
0.6456	0.3956
0.0005	-0.1245
-0.6013	-0.1500
-0.6345	0.1152
-0.3897	0.3064
0.8649	-0.3973
1.1148	0.0055
0.8445	0.3191
-0.6625	0.4185
1.2397	0.1483
-0.7798	-0.2519
-0.6804	0.3548
1.0255	-0.3743
1.1403	0.0540
0.9312	0.3574
-0.8283	0.2656
1.1199	-0.3208
1.1683	-0.0123
0.9771	0.3497
-0.3948	0.4083
1.2525	0.1611
-0.5529	-0.3106
-0.7263	-0.0047
-0.6523	0.2783
0.3855	-0.0990
0.4161	0.2630
-0.0123	-0.0964
-0.4483	-0.0811
-0.4407	0.1636
0.0260	0.0922
0.0464	-0.0352
-0.3565	-0.0505
-0.3336	0.1534
0.1738	-0.0021
-0.5121	-0.1602
-0.5452	0.1024
-0.3489	0.2681
0.7272	-0.3463
1.0587	-0.0505
0.8062	0.2528
1.0791	0.3319
-0.8512	0.2426
1.1148	-0.3055
1.1454	-0.0684
0.9669	0.3319
-0.0327	0.2477
0.7935	-0.4100
1.0918	-0.1474
0.8802	0.2834
1.0740	0.3599
-0.8589	0.1381
0.8266	-0.3259
1.0867	0.0922
0.7399	0.2936
-0.8232	0.2248
0.9567	-0.3718
1.1097	0.1713
0.8649	0.3752
-0.7671	-0.1908
-0.7237	0.2681
0.4875	-0.1551
0.6354	0.0285
0.5359	0.1662
-0.5325	0.4236
1.2499	0.1713
-0.6421	-0.3055
-0.7849	0.0667
-0.4687	0.3574
1.0944	-0.3769
0.9465	-0.2774
1.0102	0.2197
0.7119	0.3395
-0.4789	-0.2061
-0.5707	0.0489
-0.4509	0.2656
0.5640	-0.2316
0.8853	-0.1092
0.9235	0.0846
0.6991	0.1407
0.5461	0.3370
-0.0709	-0.1092
-0.4126	-0.0429
-0.3795	0.1789
0.2019	-0.0174
-0.6549	-0.1959
-0.6880	0.0718
-0.5197	0.3242
0.7399	-0.3259
1.0587	-0.0098
0.7960	0.2579
1.0816	0.3523
-0.8716	0.1254
0.7833	-0.2978
1.0765	0.0489
0.7450	0.2656
0.6201	-0.1857
0.9082	-0.1041
0.9235	0.0922
0.6915	0.1305
0.5079	0.3013
-0.1092	-0.0939
-0.3642	-0.0021
-0.2800	0.1687
0.3192	-0.1143
0.4212	0.3446
0.3498	-0.2519
0.5130	0.0693
0.6762	0.4160
-0.0199	-0.1321
-0.5733	-0.1321
-0.5988	0.1330
-0.3387	0.2783
0.8547	-0.3973
1.1301	-0.0072
0.8470	0.3268
-0.3897	0.4083
1.2601	0.1534
-0.5631	-0.3157
-0.7365	-0.0047
-0.6498	0.2860
0.3855	-0.0913
0.4135	0.2911
0.1050	-0.1296
-0.7263	0.3931
1.2168	-0.0684
-0.5911	0.4542
1.1734	0.3982
-0.2673	-0.2265
-0.5529	-0.0709
-0.5452	0.1891
-0.0786	0.1662
0.4441	-0.2316
0.6915	-0.0276
0.7042	0.0285
0.6124	0.1254
0.6201	0.3854
0.0107	-0.1296
-0.6447	-0.1551
-0.6625	0.1126
-0.4407	0.3166
0.8904	-0.3922
1.1326	0.0310
0.8572	0.3344
-0.7977	0.3115
1.1734	-0.2341
0.7884	-0.2494
1.0459	0.0616
0.7323	0.2324
0.9745	0.4083
-0.6370	-0.2418
-0.7288	0.0667
-0.5172	0.3421
0.9108	-0.3820
1.1224	0.0616
0.8470	0.3472
-0.8665	0.0591
0.3345	-0.0403
0.7068	0.4160
-0.0735	-0.1321
-0.4789	-0.0862
-0.4789	0.1738
-0.0225	0.1356
0.2299	-0.1117
0.8139	0.4236
-0.2647	-0.1704
-0.4279	0.0208
-0.3336	0.2120
0.4288	-0.1704
0.5436	0.0718
0.6073	0.3880
0.0464	-0.1321
-0.7875	-0.1219
-0.7441	0.2477
0.2554	0.0004
-0.7900	-0.1653
-0.7671	0.2120
-0.0199	0.1789
0.4467	-0.2392
0.6940	-0.0429
0.7450	0.0157
0.6864	0.0693
0.5232	0.2018
-0.7237	-0.1780
-0.7441	0.1560
-0.2392	0.2987
1.0000	-0.4381
0.9720	-0.2570
0.9924	0.2299
0.7323	0.3599
-0.4483	-0.1933
-0.5427	0.0540
-0.4177	0.2707
0.5640	-0.2316
0.8674	-0.1117
0.9184	0.0744
0.7017	0.1330
0.5385	0.3166
-0.1143	-0.1015
-0.3667	0.0030
-0.2698	0.1713
0.3243	-0.1168
0.4186	0.3319
0.3115	-0.2214
0.4059	0.1815
-0.3693	-0.1219
-0.4356	0.1024
-0.1347	0.1789
0.4339	-0.2061
0.6201	0.0081
0.5359	0.1713
-0.8359	0.2248
0.8343	-0.3182
1.0765	0.0897
0.7501	0.2987
-0.8410	0.1713
0.7119	-0.2851
1.0536	-0.0149
0.7833	0.2146
0.7323	0.3956
-0.2520	-0.1423
-0.4050	0.0387
-0.2698	0.1967
0.4594	-0.1933
0.6354	-0.0021
0.5869	0.1305
0.7935	0.4287
-0.2341	-0.1525
-0.4203	0.0157
-0.3081	0.1942
0.4237	-0.1729
0.5436	0.0948
0.7017	0.4185
-0.0735	-0.1296
-0.4687	-0.0760
-0.4687	0.1662
0.0260	0.0999
0.0693	-0.0352
-0.4101	-0.0913
-0.4203	0.1534
0.0234	0.0897
0.0183	-0.0327
-0.2953	-0.0200
-0.2443	0.1356
0.2197	-0.0607
-0.6421	0.4491
1.2219	0.2044
-0.6625	-0.3080
-0.7926	0.0489
-0.6141	0.3574
0.8751	-0.3692
1.1046	0.0897
0.8266	0.3370
-0.8640	-0.0072
-0.0837	0.2426
0.7756	-0.4049
1.0765	-0.1245
0.8725	0.2758
1.1148	0.3166
-0.6855	0.4185
1.2321	0.2171
-0.6880	-0.2876
-0.7875	0.1203
-0.3361	0.3370
1.1275	-0.3692
0.2121	0.1101
-0.2137	-0.0429
-0.2239	0.0999
0.0719	0.0208
-0.2443	-0.0200
-0.1984	0.1075
0.1483	-0.0200
-0.5095	-0.1551
-0.5350	0.1152
-0.3259	0.2707
0.7272	-0.3463
1.0536	-0.0505
0.8190	0.2681
1.1148	0.2936
-0.6115	0.4466
1.2040	0.2885
-0.4815	-0.2953
-0.6523	-0.0429
-0.6396	0.2120
-0.1117	0.2222
0.6711	-0.3361
1.0281	-0.1143
0.8572	0.2248
0.7017	0.3752
-0.2877	-0.1474
-0.4152	0.0514
-0.2418	0.2044
0.4875	-0.2137
0.7221	-0.0505
0.7782	0.0004
0.7476	0.0463
0.6328	0.1126
0.5359	0.3446
0.0464	-0.1143
-0.7059	-0.1602
-0.7084	0.1305
-0.3973	0.3395
1.0281	-0.4049
1.0638	-0.2239
0.9567	0.2860
1.0102	0.3752
-0.8334	-0.1041
-0.3693	0.3650
1.2066	-0.2341
-0.7849	0.3931
1.1862	0.3166
-0.5452	-0.2876
-0.7059	-0.0327
