0.1611	0.0208
-0.3897	-0.0913
-0.5988	0.1024
-0.4636	0.3064
0.9847	-0.4151
1.0689	-0.0047
0.7119	0.1075
0.5206	0.2732
-0.2520	-0.0964
-0.5019	0.0718
-0.5325	0.2758
0.7527	-0.3412
0.9261	-0.1959
0.9082	-0.0633
0.7450	-0.0429
0.4722	0.0795
-0.8181	0.2324
0.9847	0.4185
-0.3897	-0.3106
-0.7161	-0.1908
-0.7824	0.2146
1.2142	-0.1525
1.0485	0.1713
0.6915	0.2324
-0.8589	-0.1755
1.1709	0.2146
1.0000	-0.3284
1.0077	0.0438
0.6379	0.0769
0.5155	0.2834
-0.2061	-0.0786
-0.4789	0.0718
-0.4942	0.2656
0.6864	-0.3259
0.8139	-0.1857
0.8521	-0.1347
0.8139	-0.1117
0.7144	-0.0709
0.4722	0.0514
0.6379	-0.2341
0.5997	-0.0607
0.2656	0.2350
-0.0072	-0.0149
-0.3871	0.0157
-0.5197	0.2120
0.2350	-0.0276
-0.6192	-0.3080
-0.8359	-0.0098
0.7603	-0.3335
0.9363	-0.1857
0.9031	-0.0607
0.7221	-0.0480
0.4390	0.0999
-0.6421	-0.3106
-0.7900	0.2044
1.2219	0.0871
1.1658	-0.1500
0.8496	0.1611
0.5206	0.2426
-0.3259	-0.1525
-0.5809	0.0004
-0.6319	0.2452
0.7731	-0.3667
0.9873	-0.1831
0.9031	-0.0200
0.6660	-0.0149
0.3192	0.2171
-0.1372	-0.0098
-0.3999	0.0999
-0.3157	0.2426
0.4339	-0.1755
0.1687	0.2911
0.5359	-0.3182
0.4161	0.0208
0.2070	0.0540
-0.3769	-0.0837
-0.5988	0.0922
-0.4152	0.3013
0.9261	-0.4228
1.0816	-0.0505
0.7654	0.0795
0.4110	0.2222
-0.2341	-0.0505
-0.4917	0.0999
-0.3871	0.2656
0.6711	-0.3259
0.7858	-0.1704
0.7858	-0.1321
0.7119	-0.0913
0.5028	0.0336
0.9363	0.3166
-0.5427	0.3982
1.1148	0.3956
-0.5299	-0.3973
-0.8181	0.1942
1.1632	0.2656
-0.5070	0.4134
1.1046	0.3880
-0.4968	-0.3845
-0.8487	0.0438
1.2168	-0.0123
1.0765	0.1840
0.7144	0.2324
-0.8614	0.1381
0.9592	0.4185
-0.3795	-0.3029
-0.6957	-0.1806
-0.7951	0.1611
1.1097	-0.3539
1.0128	0.1330
0.5997	0.1815
-0.8334	-0.2316
1.2066	-0.1245
0.9694	0.2171
0.6915	0.2554
-0.6753	-0.3590
-0.5299	0.3676
1.2219	0.1713
-0.5095	0.4134
1.1020	0.3982
-0.4585	-0.3769
-0.8385	-0.1015
0.7935	-0.3361
0.9822	-0.1678
0.8853	-0.0276
0.6507	-0.0123
0.3192	0.2375
-0.1041	-0.0098
-0.3871	0.0922
-0.3693	0.2452
0.4543	-0.1857
0.1764	0.2656
0.3498	-0.1959
0.1738	0.3370
0.8776	-0.4916
1.0689	-0.2061
0.8853	0.0591
0.5308	0.1101
-0.3361	0.3395
1.2346	-0.2392
1.1607	-0.1245
0.8139	0.1458
0.5206	0.2452
-0.2979	-0.1321
-0.5529	0.0208
-0.5962	0.2579
0.8062	-0.3769
1.0230	-0.1627
0.8674	0.0004
0.5793	0.0361
0.4671	0.3038
-0.1015	-0.0480
-0.4254	0.0463
-0.4891	0.2350
0.4696	-0.1933
0.2019	0.2452
0.1534	-0.0939
-0.6651	-0.3080
-0.8257	0.1279
1.2142	-0.1398
1.0179	0.1916
0.6838	0.2375
-0.8028	-0.2876
1.0791	-0.3616
0.9898	0.1203
0.5691	0.1534
-0.8665	-0.1245
1.1607	0.2401
0.5512	-0.1653
0.2860	0.1687
-0.2316	-0.0123
-0.4381	0.1458
-0.1704	0.2018
0.2248	-0.0582
-0.7237	-0.3157
-0.4891	0.3803
1.2397	0.1075
-0.0735	0.2503
0.4594	-0.2316
0.1968	0.2299
0.0719	-0.0429
-0.4279	-0.0990
-0.6217	0.0948
-0.4458	0.3191
1.0383	-0.4202
1.0765	0.0438
0.6838	0.1356
0.7756	0.3115
-0.6396	-0.3692
-0.7365	0.2987
1.1505	0.2962
-0.8971	-0.0225
0.8496	0.4262
-0.2316	-0.1857
-0.5452	-0.0837
-0.6982	0.1228
-0.1423	0.2248
0.3880	-0.1653
0.2044	0.3242
0.6787	-0.3947
0.8037	-0.2010
0.8521	-0.1500
0.8317	-0.1117
0.7476	-0.0862
0.5640	0.0081
0.3702	0.2962
0.0922	-0.0786
-0.5197	-0.2112
-0.7237	-0.0556
-0.6523	0.3064
1.2168	-0.1525
1.1224	0.1126
0.7144	0.2018
0.6991	-0.2749
0.7935	-0.1780
0.8190	-0.1347
0.7858	-0.1143
0.6991	-0.0837
0.4594	0.0718
-0.6090	0.3676
1.1020	0.3982
-0.5452	-0.4024
-0.7518	0.2834
1.1403	0.3268
-0.8844	-0.1959
0.9516	0.3956
-0.4891	-0.3590
-0.8155	-0.1219
0.2733	-0.0276
-0.6982	-0.3233
-0.6931	0.3395
1.1683	0.2783
-0.8869	0.0999
0.8062	0.4389
-0.1321	-0.1372
-0.4993	-0.0633
-0.6625	0.1330
-0.1857	0.2299
0.4696	-0.2341
0.2248	0.2146
-0.0276	-0.0098
-0.3693	0.0540
-0.4611	0.2324
0.3319	-0.0939
0.8776	0.3064
-0.9022	0.0310
0.9159	0.4058
-0.3489	-0.2749
-0.6498	-0.1755
-0.7875	0.0387
0.0107	0.1432
-0.0505	0.0540
-0.2928	0.1203
-0.2239	0.1891
0.1356	-0.0098
-0.4177	-0.1168
-0.6166	0.0795
-0.5605	0.3115
1.0281	-0.4100
1.0612	0.0616
0.6660	0.1432
0.9720	0.2809
0.9490	-0.3361
1.0306	0.0030
0.6991	0.0540
0.3753	0.2452
-0.1321	-0.0149
-0.4101	0.0948
-0.3744	0.2503
0.5079	-0.2290
0.2860	0.1713
-0.2341	-0.0021
-0.4407	0.1534
-0.1704	0.2018
0.2019	-0.0582
-0.6727	-0.3335
-0.8487	0.1279
1.1964	-0.0964
1.0434	0.1738
0.6991	0.2299
-0.8869	-0.1143
1.0893	0.3064
-0.8614	0.1891
0.8470	0.4491
-0.1551	-0.1525
-0.5019	-0.0607
-0.6651	0.1356
-0.2035	0.2452
0.5563	-0.2851
0.4569	0.0106
0.9873	0.2911
0.7833	-0.2927
0.9465	-0.1755
0.9006	-0.0505
0.7144	-0.0378
0.4288	0.1126
-0.5835	-0.3029
-0.8155	-0.0429
0.3676	-0.0913
0.5869	0.3115
-0.2341	-0.1117
-0.5070	0.0412
-0.5809	0.2579
0.6507	-0.2953
0.7042	-0.1296
0.5589	-0.0047
0.3829	0.2962
0.0591	-0.0709
-0.4687	-0.1449
-0.6625	0.0310
-0.5886	0.3140
1.1403	-0.3488
1.0536	0.1203
0.6456	0.1916
-0.6906	0.3727
0.9873	0.4338
-0.3285	-0.2851
-0.6549	-0.1857
-0.7875	0.0310
0.0821	0.1075
-0.2163	0.0693
-0.3132	0.1738
0.0515	0.0540
-0.2877	0.0693
-0.3795	0.2146
0.2019	-0.0149
-0.4942	-0.2443
-0.6957	-0.0913
-0.7977	0.1432
0.6813	-0.2876
0.7450	-0.1321
0.6430	-0.0505
0.3319	0.2044
-0.2137	-0.0174
-0.4305	0.1432
-0.2418	0.2171
0.3472	-0.1423
0.3753	0.3166
0.1407	-0.1143
-0.7212	-0.3284
-0.7365	0.3268
1.1428	0.2809
-0.9099	-0.0633
0.8368	0.4134
-0.2341	-0.1933
-0.5529	-0.0786
-0.7161	0.1050
-0.2443	0.2707
0.6940	-0.3590
0.8343	-0.1831
0.8572	-0.1194
0.7654	-0.0837
0.5920	-0.0021
0.3268	0.2860
0.1126	-0.0837
-0.5401	-0.2418
-0.7365	-0.0862
-0.6931	0.3064
1.2193	-0.0760
1.1326	0.0489
0.7399	0.1891
1.0944	0.2120
0.9490	0.2707
1.1020	0.1967
0.8649	0.2656
1.0663	-0.3284
0.9771	0.1024
0.5563	0.1330
-0.6829	0.3472
1.0255	0.4185
-0.4075	-0.3361
-0.7518	-0.1959
-0.6651	0.3319
1.2168	0.1203
0.6175	-0.2137
0.5283	-0.0021
0.4212	0.2987
0.0132	-0.0709
-0.4356	-0.0709
-0.6243	0.1177
-0.3081	0.2783
0.7986	-0.3973
1.0026	-0.1831
0.8802	-0.0021
0.5946	0.0361
0.4416	0.2860
-0.0862	-0.0454
-0.4177	0.0387
-0.4891	0.2452
0.4288	-0.1653
0.1942	0.3013
0.5283	-0.3055
0.3880	0.0412
-0.8104	-0.2596
0.8955	-0.3616
1.0408	-0.0607
0.7603	0.0387
0.4084	0.1865
-0.3285	-0.1117
-0.5682	0.0591
-0.5376	0.2834
0.9082	-0.4126
1.0714	-0.0607
0.7603	0.0667
0.3982	0.2069
-0.2443	-0.0582
-0.4917	0.1126
-0.3718	0.2707
0.6838	-0.3361
0.8139	-0.1831
0.8445	-0.1398
0.8113	-0.1015
0.7042	-0.0760
0.4696	0.0540
0.3651	-0.0480
0.9771	0.3140
0.0540	0.1509
-0.0913	0.0489
-0.2953	0.1203
-0.1959	0.1738
0.0948	0.0055
-0.3667	-0.0327
-0.5427	0.1789
-0.1015	0.1738
0.1075	-0.0021
-0.3871	-0.0633
-0.5911	0.1356
-0.3183	0.2834
0.7603	-0.3769
0.9439	-0.2035
0.9184	-0.0352
0.7068	-0.0098
0.3651	0.1687
-0.3081	-0.0811
-0.5427	0.0922
-0.4381	0.2911
0.8215	-0.3973
1.0408	-0.1423
0.8547	0.0259
0.5232	0.0871
0.8139	-0.3284
1.0179	-0.1500
0.8674	-0.0200
0.6226	0.0106
0.3294	0.2758
0.0489	-0.0607
-0.4432	-0.1092
-0.6345	0.0820
-0.4177	0.2987
1.0102	-0.4330
1.0867	0.0259
0.6864	0.1203
0.6226	0.2860
-0.3591	-0.2112
-0.6141	-0.0556
-0.7084	0.1789
0.5359	-0.2061
0.3192	0.1534
-0.3055	-0.0556
-0.5223	0.1203
-0.3361	0.2656
0.6889	-0.3412
0.8266	-0.1857
0.8649	-0.1296
0.8139	-0.0964
0.7093	-0.0709
0.4467	0.0922
-0.7645	-0.2876
0.3243	-0.0505
0.5818	-0.1882
0.3957	0.0948
-0.5733	-0.2902
-0.7977	-0.0658
0.0617	0.1279
-0.1653	0.0667
-0.2749	0.1560
-0.0429	0.1126
-0.1653	0.1024
-0.1933	0.1432
-0.0531	0.0871
-0.1984	0.1126
-0.1755	0.1509
-0.0327	0.0820
-0.2239	0.1177
-0.2137	0.1611
0.0438	0.0591
-0.2928	0.0744
-0.3744	0.2146
0.2299	-0.0403
-0.6039	-0.3284
-0.8181	-0.1372
-0.4356	0.3548
1.2270	-0.1500
1.1173	-0.1882
0.8547	0.1228
0.5002	0.2120
-0.3846	-0.1959
-0.6039	-0.0225
-0.7135	0.2018
0.5818	-0.2316
0.4492	0.0310
0.5002	-0.1372
0.2121	0.2605
0.2044	-0.1245
-0.4075	0.3829
1.2270	0.1254
-0.6294	0.4185
0.9439	0.4644
-0.1857	-0.1857
-0.5503	-0.1117
-0.7135	0.0693
-0.4356	0.3293
1.1275	-0.3820
1.0842	0.0795
0.6838	0.1611
1.1913	-0.0327
0.8368	0.2018
0.8062	0.3013
-0.8359	-0.2596
1.2117	-0.0098
1.0051	0.2120
0.7476	0.2656
-0.8716	-0.1449
1.1224	0.2860
-0.3769	0.3854
1.2499	0.1330
-0.6625	0.4058
0.9286	0.4670
-0.1780	-0.1882
-0.5350	-0.1092
-0.7033	0.0769
-0.3693	0.3166
1.0332	-0.4355
1.0918	0.0234
0.6940	0.1279
0.6813	0.2911
-0.4509	-0.2876
-0.7008	-0.1372
-0.7747	0.1840
1.0204	-0.3871
1.0332	0.0616
0.6430	0.1279
0.9592	0.2987
0.4288	-0.0939
0.2860	0.3217
0.4288	-0.2596
0.1509	0.2554
0.2733	-0.1474
0.6634	0.3242
-0.3132	-0.1882
-0.5835	-0.0429
-0.7008	0.1687
0.3778	-0.0964
0.4849	0.3089
-0.0760	-0.0505
-0.4177	0.0412
-0.5274	0.2324
0.3753	-0.1372
0.3472	0.3166
0.2427	-0.1525
0.8419	0.3268
-0.7365	-0.3641
0.3421	-0.0556
1.1785	-0.0964
0.8547	0.1942
0.6711	0.2758
-0.5044	-0.3106
-0.7645	-0.1372
-0.5248	0.3548
1.2372	-0.0149
0.9541	-0.3182
1.0179	-0.0021
0.6940	0.0463
0.3625	0.2426
-0.1296	-0.0276
-0.3973	0.0973
-0.3795	0.2426
0.4951	-0.2188
0.2529	0.1738
-0.1653	0.0106
-0.3820	0.1432
-0.1959	0.1865
0.1917	-0.0454
-0.5580	-0.2774
-0.7620	-0.1245
-0.7059	0.3166
1.2142	0.0234
1.1326	-0.1857
0.8572	0.1305
0.5002	0.2197
-0.3540	-0.1755
-0.5860	-0.0021
-0.6727	0.2324
0.6762	-0.2953
0.7629	-0.1500
0.6991	-0.0939
0.4696	0.0540
0.1764	0.0718
-0.3463	-0.0302
-0.5427	0.1534
-0.1653	0.2018
0.2758	-0.0913
0.9388	-0.3361
1.0204	-0.0098
0.7144	0.0489
0.3753	0.2324
-0.1806	-0.0327
-0.4279	0.1126
-0.3336	0.2452
0.4977	-0.2290
0.2835	0.1636
-0.2341	-0.0047
-0.4356	0.1560
-0.1678	0.1840
0.1764	-0.0480
-0.5427	-0.2723
-0.7416	-0.1194
-0.7722	0.2350
1.1683	-0.2519
1.0255	0.1662
0.6456	0.2146
-0.7849	-0.3182
0.6838	-0.2876
0.7782	-0.1653
0.7578	-0.1015
0.6073	-0.0302
0.2835	0.2554
0.0566	-0.0556
-0.4407	-0.1015
-0.6345	0.0846
-0.4305	0.3064
1.0102	-0.4406
1.0867	0.0310
0.6864	0.1254
0.6940	0.3064
-0.4636	-0.2978
-0.7135	-0.1423
-0.7543	0.2350
1.1785	-0.2341
1.0357	0.1687
0.6634	0.2299
-0.7824	-0.2953
0.8853	-0.3692
1.0408	-0.0633
0.7654	0.0336
0.4161	0.1815
-0.3412	-0.1347
-0.5835	0.0463
-0.5758	0.2809
0.9184	-0.4126
1.0689	-0.0327
0.7323	0.0693
0.4110	0.2350
-0.1857	-0.0327
-0.4483	0.1126
-0.3591	0.2503
0.5716	-0.2647
0.4951	0.0055
0.6150	0.3064
-0.2775	-0.1500
-0.5401	0.0055
-0.6447	0.2248
0.5818	-0.2469
0.4798	0.0106
0.7680	0.3166
-0.5605	-0.3565
-0.8461	-0.0505
0.7935	-0.3361
0.9796	-0.1653
0.8751	-0.0327
0.6430	-0.0098
0.3217	0.2426
-0.0531	-0.0225
-0.3922	0.0489
-0.4687	0.2299
0.3829	-0.1449
0.2784	0.3166
0.4365	-0.2723
0.1840	0.2324
0.0795	-0.0505
-0.4432	-0.1245
-0.6345	0.0642
-0.5427	0.3166
1.1020	-0.3896
1.0536	0.0922
0.6456	0.1738
0.4033	-0.0837
0.4416	0.3166
0.0183	-0.0709
-0.4458	-0.0939
-0.6421	0.0922
-0.3871	0.3140
0.9822	-0.4432
1.0765	-0.0021
0.7042	0.1152
0.5334	0.2758
-0.2545	-0.1015
-0.5172	0.0489
-0.5580	0.2707
0.7450	-0.3412
0.9286	-0.1984
0.9184	-0.0607
0.7399	-0.0454
0.4747	0.0795
-0.8512	0.0948
1.0383	0.3778
-0.6345	-0.3922
-0.2749	0.3089
1.0816	-0.4508
1.1122	0.0285
0.7042	0.1407
0.7884	0.3115
-0.7008	-0.3590
-0.1780	0.2656
0.7195	-0.3769
0.9082	-0.2188
0.9465	-0.0786
0.7960	-0.0429
0.5818	0.0055
0.3523	0.2936
0.1024	-0.0913
-0.5631	-0.2469
-0.7543	-0.0607
-0.5044	0.3523
1.2295	-0.1423
1.1658	-0.0709
0.7909	0.1611
0.5997	0.2732
-0.3693	-0.2112
-0.6166	-0.0607
-0.7033	0.1840
0.6124	-0.2519
0.5589	-0.0505
0.2784	0.2758
0.1840	-0.1143
-0.8767	0.0820
1.0408	0.3829
-0.6294	-0.3998
-0.4483	0.3676
1.2499	0.0667
0.1024	0.1381
-0.1449	0.0591
-0.2953	0.1585
-0.0735	0.1203
-0.1092	0.0922
-0.2061	0.1305
-0.1143	0.1279
-0.1092	0.0948
-0.1806	0.1305
-0.1372	0.1279
-0.0913	0.1101
-0.1780	0.1228
-0.1449	0.1254
-0.0913	0.1101
-0.1704	0.1228
-0.1347	0.1381
-0.0939	0.1024
-0.1678	0.1279
-0.1423	0.1330
-0.0913	0.1024
-0.1831	0.1152
-0.1423	0.1330
-0.0964	0.0948
-0.1780	0.1228
-0.1449	0.1356
-0.0888	0.1024
-0.1729	0.1228
-0.1398	0.1432
-0.0888	0.0948
-0.1831	0.1203
-0.1449	0.1483
-0.0735	0.1024
-0.1882	0.1228
-0.1551	0.1432
-0.0505	0.1024
-0.1984	0.1279
-0.1755	0.1534
-0.0276	0.0795
-0.2367	0.1152
-0.2137	0.1840
0.0693	0.0463
-0.3208	0.0540
-0.4483	0.2222
0.1917	-0.0098
-0.4560	-0.2035
-0.6600	-0.0403
-0.7747	0.1662
0.4110	-0.1245
0.3319	0.3038
0.2121	-0.1245
-0.2877	0.3523
1.1938	-0.2774
1.1097	-0.1729
0.8368	0.1152
0.4951	0.2197
-0.3540	-0.1729
-0.5886	0.0106
-0.6855	0.2426
0.6201	-0.2647
0.5793	-0.0531
0.2860	0.2630
0.0897	-0.0556
-0.4611	-0.1525
-0.6651	0.0208
-0.6625	0.2987
1.0485	-0.3871
1.0332	0.0744
0.6405	0.1483
1.0918	-0.2902
0.9388	0.1279
0.5385	0.1738
-0.6217	-0.3412
-0.8436	0.0310
1.0357	-0.3794
1.0204	0.0897
0.6048	0.1407
0.6252	-0.2188
0.5257	-0.0149
0.3804	0.3038
0.0744	-0.0735
-0.4942	-0.1831
-0.6931	-0.0200
-0.6829	0.2783
1.1275	-0.3386
1.0383	0.1305
0.6303	0.1891
-0.8767	-0.0480
1.0638	0.3446
-0.8283	-0.3131
1.1607	0.1815
1.1607	-0.1296
0.8368	0.1713
0.5793	0.2579
-0.3667	-0.2061
-0.6166	-0.0480
-0.7135	0.1840
0.5487	-0.2112
0.3498	0.1101
-0.3999	-0.1653
-0.6243	0.0106
-0.6676	0.2630
0.8649	-0.3794
1.0383	-0.1092
0.7935	0.0285
0.4467	0.1330
-0.5172	-0.2800
-0.7492	-0.1245
-0.6982	0.3013
1.2219	-0.0251
1.1530	-0.0582
0.7858	0.1687
0.6634	0.2860
-0.4407	-0.2800
-0.6880	-0.1296
-0.7824	0.1687
0.9490	-0.3973
1.0485	0.0030
0.6991	0.0795
0.4467	0.2656
-0.1627	-0.0403
-0.4356	0.0973
-0.4177	0.2554
0.5997	-0.2851
0.5640	-0.0633
0.2733	0.2630
0.1152	-0.0760
-0.5325	-0.2392
-0.7186	-0.0709
-0.7237	0.2656
1.1734	-0.2698
1.0357	0.1611
0.6507	0.2146
-0.8155	-0.2723
1.1275	-0.3080
0.9694	0.1458
0.5742	0.2018
-0.5886	-0.3259
-0.8359	-0.0021
0.8955	-0.3667
1.0408	-0.0531
0.7527	0.0361
0.4084	0.1967
-0.2979	-0.0888
-0.5376	0.0871
-0.4560	0.2936
0.8547	-0.3973
1.0485	-0.1245
0.8266	0.0361
0.4773	0.1228
-0.6804	-0.3208
-0.6345	0.3548
1.1811	0.2554
-0.8691	0.1815
0.8037	0.4517
-0.0837	-0.1321
-0.4815	-0.0888
-0.6727	0.0922
-0.3795	0.3038
1.0000	-0.4406
1.0791	-0.0021
0.7042	0.1075
0.5512	0.2758
-0.2775	-0.1296
-0.5325	0.0412
-0.5911	0.2579
0.7221	-0.3208
0.8725	-0.1908
0.9006	-0.1015
0.7935	-0.0811
0.6277	-0.0149
0.3064	0.2554
0.0183	-0.0403
-0.4177	-0.0403
-0.5860	0.1611
-0.0684	0.1636
0.0540	0.0208
-0.3438	0.0259
-0.4789	0.2120
0.1585	0.0030
-0.4075	-0.1194
-0.6115	0.0795
-0.5452	0.3064
1.0204	-0.4100
1.0536	0.0387
0.6736	0.1305
0.8445	0.3064
-0.8563	-0.1959
1.1403	0.2528
0.3753	-0.0582
0.7731	0.3319
-0.5172	-0.3386
-0.7977	-0.1321
-0.2239	0.2911
0.8368	-0.4177
1.0459	-0.1551
0.8547	0.0259
0.5206	0.0922
-0.1245	0.2528
0.5793	-0.3004
0.5257	-0.0403
0.3115	0.2987
0.2427	-0.1423
0.9133	0.3166
-0.8461	0.2095
0.8878	0.4338
-0.2392	-0.1984
-0.5503	-0.0939
-0.7237	0.0897
-0.2316	0.2656
0.7068	-0.3514
0.8547	-0.2061
0.9006	-0.1143
0.8266	-0.0709
0.6711	-0.0480
0.3574	0.1738
-0.2928	-0.0658
-0.5223	0.1152
-0.3795	0.2758
0.7603	-0.3616
0.9516	-0.2010
0.9261	-0.0403
0.7170	-0.0302
0.4059	0.1458
-0.4177	-0.1959
-0.6421	-0.0200
-0.6829	0.2426
0.9465	-0.4049
1.0612	-0.0047
0.7017	0.0769
0.4314	0.2630
-0.1576	-0.0429
-0.4381	0.0897
-0.3973	0.2554
0.5767	-0.2774
0.5002	-0.0200
0.4594	0.3064
-0.0531	-0.0454
-0.4203	0.0183
-0.5350	0.2171
0.2784	-0.0607
-0.8232	0.2834
0.9414	0.4287
-0.2979	-0.2519
-0.6090	-0.1525
-0.7671	0.0259
-0.3336	0.3166
1.0408	-0.4406
1.0918	0.0183
0.7017	0.1330
0.6660	0.2860
-0.4305	-0.2723
-0.6804	-0.1321
-0.7773	0.1407
0.7348	-0.3131
0.8955	-0.1908
0.9006	-0.0888
0.7807	-0.0556
0.5614	0.0208
0.4416	0.2936
-0.0556	-0.0556
