-0.4228	0.2222
-0.3973	0.2503
-0.3183	0.2350
-0.4203	0.2248
-0.4075	0.2426
-0.3183	0.2426
-0.4177	0.2324
-0.4075	0.2503
-0.3183	0.2401
-0.4254	0.2248
-0.4152	0.2452
-0.3081	0.2452
-0.4203	0.2350
-0.4075	0.2579
-0.2953	0.2452
-0.4279	0.2273
-0.4152	0.2630
-0.2826	0.2426
-0.4432	0.2222
-0.4509	0.2503
-0.2290	0.2401
-0.4611	0.1967
-0.4993	0.2503
-0.0786	0.1840
-0.4560	0.1203
-0.6676	0.0769
0.2044	0.0412
-0.2469	-0.1500
-0.4662	-0.2519
-0.6039	-0.4100
0.5563	-0.1755
0.1126	0.3013
-0.1143	0.1203
-0.5070	0.0438
-0.7059	-0.0480
0.5589	-0.1857
0.0693	0.3242
-0.0225	0.0871
-0.4330	0.0081
-0.6625	-0.1423
-0.4866	0.2936
0.4212	-0.1347
0.8623	0.1203
0.7807	0.0769
0.7195	0.0922
0.9975	0.1203
0.6532	0.0208
0.8062	0.1126
0.7986	0.0973
0.7246	0.0922
1.0026	0.1228
0.6609	0.0259
0.7807	0.1126
0.8700	0.1024
0.6379	0.0744
1.2015	-0.3973
1.2040	-0.2163
1.0995	-0.1933
0.9924	-0.2570
0.7144	-0.1933
-0.0633	0.3395
0.2350	-0.0505
-0.2851	-0.3947
-0.7365	-0.0225
1.0077	0.2579
1.2907	-0.1015
1.0281	-0.0709
0.7119	-0.1270
0.0617	0.2809
-0.1219	0.1050
-0.4764	0.0285
-0.6753	-0.0200
0.6609	-0.2621
-0.2316	0.4058
1.0944	-0.4916
0.7221	-0.2341
-0.1245	0.3472
0.3574	-0.1168
1.1020	-0.4151
1.0485	-0.3361
0.9465	-0.3055
0.5385	-0.0913
0.5104	0.1611
-0.1780	-0.3361
-0.6421	-0.4355
0.8266	0.2273
-0.7543	-0.0658
0.7629	0.2758
-0.1959	-0.4636
1.0918	0.1738
0.7731	0.0132
0.4518	0.1228
-0.1908	-0.3208
-0.5503	-0.4636
1.0510	0.2146
0.8776	0.0718
0.5206	0.0795
-0.4305	-0.5324
0.6864	0.2120
-0.2622	-0.4967
0.9057	0.1815
0.9643	0.1024
0.6099	0.0387
1.2117	0.0948
0.8470	-0.0531
0.3370	0.1279
-0.1984	-0.1602
-0.4534	-0.2876
-0.6855	-0.3361
1.1556	0.2044
0.8904	0.0463
0.4798	0.0769
-0.3132	-0.4763
1.1377	0.1662
0.8062	0.0081
0.4186	0.1305
-0.1755	-0.2519
-0.4585	-0.4202
0.2529	0.0004
-0.2443	-0.3004
-0.5070	-0.4534
1.1964	-0.3973
1.1785	-0.2239
1.0918	-0.1984
0.9898	-0.2570
0.7068	-0.1933
-0.0633	0.3319
0.1993	-0.0302
-0.2622	-0.3055
-0.5401	-0.4508
1.2729	0.0616
0.9465	-0.0200
0.5028	0.0081
-0.0862	0.2248
-0.3616	0.1534
-0.5503	0.1432
-0.1041	0.1891
-0.4177	0.1407
-0.6064	0.1254
0.1560	0.0514
-0.2800	-0.1092
-0.5121	-0.2265
-0.6855	-0.3106
1.2907	-0.0505
1.0281	-0.0200
0.6762	-0.0837
0.2427	0.2350
-0.2061	0.0489
-0.5401	-0.0531
-0.7059	-0.0786
1.2295	-0.3896
1.1887	-0.2061
1.0740	-0.1882
0.9363	-0.2519
0.5181	-0.0760
0.6991	0.1305
0.0489	0.1432
-0.3591	0.0463
-0.6217	-0.0607
-0.3897	0.2732
0.0464	0.0973
-0.3667	0.0030
-0.6268	-0.1321
-0.6141	0.2248
1.1403	-0.4559
1.0765	-0.3335
0.9898	-0.3080
0.7527	-0.2188
-0.0429	0.3038
-0.0327	0.0922
-0.4177	0.0106
-0.6549	-0.1143
-0.1602	0.2324
-0.3795	0.1916
-0.5223	0.1967
-0.1372	0.2018
-0.4432	0.1509
-0.5809	0.1738
0.1458	0.0693
-0.2928	-0.0811
-0.5376	-0.1933
-0.7008	-0.2953
1.2882	-0.1143
1.0612	-0.0352
0.7450	-0.1219
0.1279	0.2503
-0.2341	0.0948
-0.5529	0.0310
-0.6549	0.1305
1.0102	-0.4304
0.6048	-0.1500
0.1101	0.2987
-0.0964	0.0897
-0.4611	0.0285
-0.6829	-0.0709
0.3676	-0.0658
-0.7416	-0.3871
0.5410	0.2860
-0.0786	-0.1245
-0.3795	-0.2418
-0.5350	-0.3718
-0.6294	0.2503
1.3035	-0.2214
1.1530	-0.0531
0.8878	-0.1602
0.3880	0.0438
-0.2673	-0.4151
-0.5299	0.2860
1.1199	-0.4763
0.9694	-0.3335
0.6252	-0.1372
0.0795	0.3166
-0.0480	0.0820
-0.4279	-0.0021
-0.6549	-0.1296
-0.1143	0.2146
-0.4024	0.1662
-0.5733	0.1713
0.0081	0.1407
-0.4050	0.0591
-0.6523	-0.0403
-0.3183	0.2860
-0.1908	0.2018
-0.4789	0.1636
-0.5529	0.2222
0.1789	0.0463
-0.2647	-0.1270
-0.4942	-0.2316
-0.6345	-0.3769
1.0714	-0.4100
0.8929	-0.3004
0.3472	0.0387
-0.2316	-0.3488
-0.6472	-0.4508
0.8343	0.2222
-0.6727	0.2426
1.1785	0.2248
1.0714	0.0693
0.6966	-0.0352
0.3549	0.1789
-0.1831	-0.0913
-0.4585	-0.1959
-0.6294	-0.3463
0.6532	-0.2418
-0.1755	0.3982
0.8725	-0.4279
-0.0301	0.2579
-0.2673	0.1611
-0.5529	0.1126
-0.4764	0.2554
0.1534	0.0438
-0.2877	-0.1143
-0.5197	-0.2265
-0.6625	-0.3488
1.2678	-0.2621
1.1326	-0.0964
0.9082	-0.1857
0.4492	0.0081
-0.6345	-0.4839
0.5410	0.2809
-0.0811	-0.1270
-0.3795	-0.2519
-0.5452	-0.3896
-0.2112	0.2656
-0.2877	0.2095
-0.5044	0.1840
-0.3693	0.2707
-0.2545	0.2197
-0.4509	0.2095
-0.4585	0.2554
-0.1423	0.2018
-0.4560	0.1611
-0.5937	0.1916
0.2095	0.0132
-0.2367	-0.1959
-0.4509	-0.3131
-0.6141	-0.4355
1.2856	-0.1143
1.0587	-0.0429
0.7450	-0.1143
0.1228	0.2452
-0.2239	0.1126
-0.5631	0.0387
-0.6753	0.1228
1.0102	-0.4381
0.6124	-0.1653
0.0566	0.3191
0.0005	0.0718
-0.3999	-0.0098
-0.6472	-0.1602
-0.5937	0.2554
1.0612	-0.4406
0.7654	-0.2443
-0.0327	0.3166
-0.0607	0.1075
-0.4483	0.0489
-0.6727	-0.0556
0.1024	0.1101
-0.3463	-0.0021
-0.6141	-0.1321
-0.7467	-0.0327
1.2856	0.0132
1.0230	-0.0021
0.6507	-0.0607
0.3651	0.1916
-0.1857	-0.0939
-0.4585	-0.1806
-0.6192	-0.3310
0.2682	0.0106
-0.2341	-0.2902
-0.4611	-0.4406
-0.1678	0.2554
-0.3361	0.2120
-0.5274	0.1967
-0.2545	0.2426
-0.4050	0.2222
-0.4687	0.2426
-0.2112	0.2350
-0.4432	0.2044
-0.5019	0.2503
-0.0531	0.1713
-0.4458	0.1152
-0.6727	0.0463
0.1203	0.0948
-0.3285	-0.0200
-0.5937	-0.1500
-0.7467	-0.1984
1.2729	-0.0098
1.0153	-0.0174
0.6507	-0.0531
0.3753	0.1815
-0.1755	-0.1092
-0.4560	-0.2086
-0.6064	-0.3616
-0.1092	0.2273
-0.4024	0.1738
-0.5886	0.1738
-0.0199	0.1560
-0.4279	0.0897
-0.6804	-0.0021
-0.0964	0.2069
-0.4407	0.1560
-0.6192	0.1585
0.1203	0.0795
-0.3234	-0.0352
-0.5835	-0.1500
-0.7288	-0.2469
1.2729	-0.0913
1.0510	-0.0302
0.7221	-0.0939
0.1738	0.2528
-0.2265	0.0999
-0.5784	0.0106
-0.7008	0.0795
1.1301	-0.4279
1.0408	-0.3131
0.8700	-0.2723
0.2758	0.1050
-0.2341	-0.1449
-0.4713	-0.2570
-0.6370	-0.3871
1.1734	-0.3871
1.1403	-0.2519
1.0587	-0.2265
0.9312	-0.2621
0.5232	-0.0607
0.7629	0.1305
1.1275	0.1126
0.7654	-0.0225
0.3294	0.1636
-0.2035	-0.0913
-0.4764	-0.1831
-0.6396	-0.3157
0.9618	-0.4126
0.5028	-0.0709
0.8266	0.1356
0.8445	0.1024
0.6532	0.0820
1.0408	-0.4202
0.8776	-0.2953
0.2274	0.1203
-0.2647	-0.0837
-0.5248	-0.1959
-0.6982	-0.2545
1.3060	-0.0735
1.0485	-0.0200
0.7017	-0.1092
0.1560	0.2554
-0.2035	0.0897
-0.5325	0.0183
-0.6829	0.0693
1.0740	-0.4381
0.8623	-0.3004
0.2197	0.1177
-0.2596	-0.0684
-0.5248	-0.1653
-0.7059	-0.2723
1.3035	-0.1755
1.0995	-0.0480
0.8215	-0.1576
0.1968	0.1764
-0.2596	0.0208
-0.5605	-0.0888
-0.7288	-0.0582
1.3060	-0.1908
1.1250	-0.0352
0.8343	-0.1500
0.2427	0.1483
-0.2520	-0.0505
-0.5223	-0.1551
-0.7033	-0.2418
1.2958	-0.2214
1.1224	-0.0556
0.8623	-0.1551
0.2937	0.1024
-0.2188	-0.1449
-0.4687	-0.2621
-0.6447	-0.3565
1.2933	-0.0276
1.0102	-0.0276
0.6303	-0.0633
0.3651	0.1815
-0.1806	-0.0964
-0.4483	-0.1984
-0.6217	-0.3386
0.7221	-0.3004
-0.1857	0.3650
0.5818	-0.2672
-0.2469	0.4338
1.3137	-0.3488
1.2193	-0.1729
1.0510	-0.1372
0.8368	-0.2035
0.1611	0.1840
-0.2826	0.0336
-0.5784	-0.0633
-0.6829	0.0897
1.2627	-0.3590
1.1913	-0.1423
1.0102	-0.1704
0.7552	-0.1959
0.0183	0.2758
-0.1525	0.1152
-0.4917	0.0565
-0.6549	0.0718
0.7348	-0.3131
-0.2137	0.3778
0.7450	-0.3616
-0.2851	0.4007
1.1326	-0.4941
0.9210	-0.3361
0.4467	-0.0276
-0.1704	0.2528
-0.3132	0.1840
-0.5095	0.1687
-0.3157	0.2528
-0.3055	0.2248
-0.4305	0.2120
-0.3616	0.2528
-0.3030	0.2426
-0.4254	0.2146
-0.3846	0.2477
-0.2953	0.2452
-0.4228	0.2171
-0.4050	0.2503
-0.2877	0.2375
-0.4177	0.2299
-0.4126	0.2554
-0.2571	0.2350
-0.4356	0.2248
-0.4509	0.2477
-0.2086	0.2222
-0.4458	0.2018
-0.5070	0.2452
-0.0276	0.1534
-0.4279	0.0897
-0.6829	0.0055
-0.0531	0.1942
-0.4279	0.1432
-0.6472	0.1024
0.0922	0.0999
-0.3463	-0.0021
-0.6115	-0.1168
-0.7543	-0.0556
1.2754	0.0310
1.0179	-0.0047
0.6430	-0.0403
0.4569	0.1611
-0.1653	-0.2392
-0.4152	-0.3820
-0.7518	-0.2927
0.8955	0.2426
-0.1780	0.2732
-0.2749	0.2044
-0.5095	0.1815
-0.4203	0.2656
-0.1347	0.1967
-0.4611	0.1534
-0.6115	0.1764
0.2656	-0.0225
-0.2341	-0.3386
-0.5529	-0.5018
1.0689	0.1738
0.8470	0.0387
0.4977	0.0922
-0.2826	-0.4712
1.2780	-0.1423
1.0485	-0.0556
0.7450	-0.1321
0.1152	0.2630
-0.2265	0.1152
-0.5529	0.0489
-0.6447	0.1534
0.9286	-0.4126
0.2988	0.0540
-0.2239	-0.2469
-0.4356	-0.3794
-0.7773	-0.2010
0.9363	0.2452
0.9312	-0.3718
0.4135	-0.0149
-0.6039	-0.5349
0.5487	0.2630
-0.0913	-0.1704
-0.3769	-0.2978
-0.5529	-0.4228
0.9694	-0.3973
0.5512	-0.1092
0.3778	0.1942
-0.1729	-0.0990
-0.4509	-0.1933
-0.6064	-0.3463
-0.0072	0.1738
-0.3973	0.1126
-0.6549	0.0336
-0.1015	0.2120
-0.4279	0.1534
-0.6141	0.1585
0.1228	0.0769
-0.3157	-0.0429
-0.5784	-0.1576
-0.7365	-0.2418
1.2754	-0.0556
1.0408	-0.0200
0.6813	-0.0862
0.2223	0.2324
-0.2341	0.0514
-0.5529	-0.0200
-0.7237	-0.0454
1.2117	-0.3769
1.1556	-0.2239
1.0536	-0.1984
0.8904	-0.2469
0.3651	0.0463
-0.2520	-0.3794
-0.7467	-0.2545
0.8266	0.2554
-0.5580	-0.5834
0.3294	0.3344
-0.0072	0.0132
-0.3820	-0.0709
-0.6039	-0.2163
-0.7492	0.0183
1.2372	0.1330
0.9847	0.0387
0.5742	-0.0098
0.9873	0.1356
0.6711	0.0438
0.8368	0.1177
0.7348	0.0897
0.8776	0.1101
0.6507	0.0718
1.2754	0.0030
0.9363	-0.0607
0.5002	0.0106
-0.0225	0.1916
-0.3871	0.1075
-0.6141	0.0693
-0.0505	0.1611
-0.4101	0.0948
-0.6498	0.0489
0.0464	0.1228
-0.3667	0.0463
-0.6421	-0.0786
-0.5427	0.2707
0.7221	-0.3080
-0.2392	0.3931
0.9006	-0.4279
0.0744	0.2069
-0.3208	0.1024
-0.6115	0.0208
-0.4789	0.2707
0.2988	-0.0454
-0.3157	-0.4712
1.1224	-0.4024
1.0791	-0.3029
1.0000	-0.2927
0.7986	-0.2316
0.0489	0.2528
-0.2545	0.1228
-0.5580	0.0820
-0.5733	0.2222
0.5716	-0.2188
-0.0709	0.3727
0.5104	-0.2112
0.0183	0.3472
0.2121	-0.0302
-0.2520	-0.3029
-0.5019	-0.4508
1.1760	-0.3820
1.1377	-0.2570
1.0714	-0.2367
0.9694	-0.2647
0.6711	-0.1551
0.0056	0.3370
0.1075	0.0208
-0.3106	-0.1219
-0.5274	-0.2443
-0.7135	-0.2647
1.1964	0.1636
0.9108	0.0259
0.5002	0.0616
-0.4381	-0.5400
0.7068	0.2222
-0.2877	-0.5120
0.8572	0.1967
1.2729	-0.0607
0.9898	-0.0709
0.6073	-0.0633
0.4161	0.1764
-0.1653	-0.1678
-0.4203	-0.2876
-0.6345	-0.3922
1.2729	0.0310
0.9694	-0.0200
0.5512	-0.0047
1.0638	0.1432
0.7017	0.0081
0.5308	0.1279
-0.2647	-0.4508
1.2856	-0.2749
1.1352	-0.0837
0.9210	-0.1831
0.4569	-0.0021
-0.7390	-0.0607
0.8419	0.2732
-0.4968	-0.5655
0.3549	0.3166
-0.0327	0.0132
-0.4101	-0.0913
-0.6115	-0.2163
-0.5835	0.2503
1.1326	-0.4585
1.0587	-0.3361
0.9592	-0.3055
0.6226	-0.1500
0.0719	0.3140
-0.0148	0.0718
-0.4075	-0.0174
-0.6421	-0.1449
-0.3693	0.2860
0.0183	0.1075
-0.3871	0.0259
-0.6345	-0.0913
-0.5095	0.2834
0.5997	-0.2469
-0.1653	0.4083
0.9822	-0.4814
0.3472	0.0055
-0.2928	-0.4355
0.0922	0.1101
-0.3336	0.0055
-0.6064	-0.1143
-0.7135	0.0795
1.3111	-0.1321
1.0969	-0.0174
0.7935	-0.1296
0.1687	0.1967
-0.2596	0.0616
-0.5784	-0.0352
-0.6957	0.0744
1.2372	-0.3769
1.1938	-0.1755
1.0434	-0.1831
0.8598	-0.2265
0.2478	0.1152
-0.2469	-0.0837
-0.4993	-0.1959
-0.6753	-0.2876
1.3086	-0.1525
1.0791	-0.0352
0.7960	-0.1321
0.1534	0.2197
-0.2596	0.0718
-0.5656	0.0030
-0.6523	0.1407
1.0816	-0.4508
0.8955	-0.3055
0.3498	0.0489
-0.2469	-0.3386
-0.6192	-0.4585
0.9286	0.2248
1.2321	0.0310
0.9006	-0.0684
0.3931	0.0591
-0.2443	-0.3794
-0.7569	-0.1296
0.8980	0.2656
-0.6243	0.2579
1.2780	0.1407
1.0383	0.0438
0.6532	-0.0403
0.4263	0.1738
-0.1704	-0.1806
-0.4203	-0.3157
-0.6600	-0.3718
1.1148	0.2018
0.8878	0.0489
0.4951	0.0744
-0.3463	-0.5018
1.0000	0.1967
0.8445	0.0718
0.5512	0.0973
-0.4687	-0.5400
0.6201	0.2324
-0.1347	-0.3335
-0.6753	-0.4202
0.7450	0.2375
-0.3157	-0.5375
0.6634	0.2120
-0.2418	-0.4737
1.1224	0.1687
0.8062	0.0208
0.4339	0.1356
-0.1908	-0.2774
-0.4713	-0.4381
0.7170	-0.2876
-0.1959	0.3752
0.6915	-0.3361
-0.3336	0.4262
1.3570	-0.1423
1.1938	-0.0149
0.8878	-0.1372
0.3957	0.0463
-0.2826	-0.4279
0.1738	0.0667
-0.2775	-0.1117
-0.5223	-0.2290
-0.6982	-0.2876
1.2652	0.0744
0.9541	-0.0021
0.5385	0.0081
1.1275	-0.4151
1.1173	-0.3131
1.1020	-0.2800
1.0714	-0.2876
1.0179	-0.3004
0.8547	-0.2698
0.2019	0.1407
-0.2647	-0.0327
-0.5401	-0.1551
-0.7084	-0.0913
1.3162	-0.0225
1.0383	-0.0021
0.6634	-0.0837
0.2427	0.2222
-0.2010	0.0336
-0.5248	-0.0505
-0.7008	-0.0837
1.2270	-0.3896
1.1938	-0.1831
1.0485	-0.1831
0.8955	-0.2341
0.3600	0.0489
-0.2520	-0.3616
-0.7263	-0.2774
0.8470	0.2503
-0.7416	-0.3488
0.4977	0.3064
-0.0582	-0.0633
-0.3871	-0.1729
-0.5656	-0.3106
-0.6192	0.2375
1.2958	-0.2876
1.1836	-0.0633
0.9439	-0.1627
0.5283	-0.0505
0.8368	0.1407
0.8139	0.0999
0.6813	0.0871
1.2270	0.0897
0.8572	-0.0429
0.3319	0.1203
-0.2137	-0.1908
-0.4560	-0.3131
-0.7135	-0.2927
1.0765	0.2248
0.9592	0.0795
0.5716	0.0412
0.4875	-0.1321
0.4161	0.1840
-0.1576	-0.1500
-0.4305	-0.2723
-0.6217	-0.3692
1.3137	-0.0964
1.0587	-0.0200
0.7195	-0.1117
0.1279	0.2656
-0.1780	0.1075
-0.5121	0.0387
-0.6574	0.0871
0.9567	-0.4228
0.4263	-0.0403
-0.4968	0.2987
1.1071	-0.4814
0.9363	-0.3284
0.5028	-0.0709
0.7960	0.1330
0.9439	0.1152
0.6175	0.0565
1.3086	-0.0735
1.0026	-0.0531
0.6303	-0.0837
0.2682	0.2222
-0.1882	0.0055
-0.5121	-0.0888
-0.6931	-0.1321
1.2397	-0.3896
1.2040	-0.1831
1.0510	-0.1831
0.8955	-0.2494
0.3855	0.0208
-0.3336	-0.4636
1.2984	0.0208
0.9618	-0.0225
0.5359	-0.0149
1.1122	0.1432
0.7450	-0.0021
0.3982	0.1560
-0.1831	-0.1857
-0.4330	-0.3131
-0.7059	-0.2953
1.0714	0.2401
0.9618	0.0871
0.5767	0.0336
1.2729	-0.3157
1.1734	-0.0888
0.9592	-0.2035
0.6124	-0.1117
0.1636	0.2732
-0.1347	0.0693
-0.4815	-0.0072
-0.6651	-0.0276
0.8802	-0.3998
0.1560	0.1483
-0.2979	-0.0021
-0.5758	-0.1117
-0.6931	0.0540
1.3162	-0.2061
1.1377	-0.0225
0.8496	-0.1525
0.2656	0.1228
-0.2367	-0.1143
-0.4866	-0.2137
-0.6778	-0.2953
1.3060	-0.0276
1.0128	-0.0149
0.6481	-0.0658
0.2988	0.2018
-0.1933	-0.0251
-0.4993	-0.1117
-0.6880	-0.2214
1.1811	-0.4202
1.1734	-0.2774
1.1224	-0.2163
1.0434	-0.2570
0.9261	-0.2800
0.4926	-0.0684
0.8547	0.1330
0.7654	0.0871
0.7527	0.1024
0.9057	0.1228
0.6277	0.0718
1.2933	-0.3055
1.1530	-0.0684
0.9388	-0.1908
0.5155	-0.0582
0.7960	0.1356
0.9363	0.1279
0.6099	0.0616
1.2525	-0.3820
1.2091	-0.1143
1.0179	-0.1857
0.8088	-0.2265
0.0795	0.2273
-0.2571	0.0871
-0.5427	0.0208
-0.5223	0.2171
0.4977	-0.1933
0.1534	0.2987
-0.0735	0.0718
-0.4483	-0.0098
-0.6549	-0.0913
0.3396	-0.0658
-0.6115	-0.5094
0.5410	0.2758
-0.0939	-0.1449
-0.3769	-0.2749
-0.5733	-0.4024
1.0791	-0.4304
0.9822	-0.3259
0.6838	-0.1857
-0.0684	0.3472
0.3013	-0.0913
-0.6447	-0.4839
0.5589	0.2783
-0.0888	-0.1653
-0.3795	-0.3131
-0.5962	-0.4100
1.2627	0.0769
0.9439	-0.0098
0.5028	0.0208
-0.7543	-0.0429
0.8725	0.2834
-0.5937	-0.5528
0.3421	0.3370
0.0158	-0.0098
-0.3540	-0.1168
-0.5605	-0.2469
-0.7416	-0.0327
1.2015	0.1789
0.9669	0.0463
0.5487	0.0208
0.9363	-0.3845
0.4161	-0.0149
-0.7059	-0.3616
0.6201	0.2834
-0.0939	-0.2443
-0.4203	-0.4304
-0.0633	0.1993
-0.3769	0.1432
-0.5962	0.1126
-0.0225	0.1534
-0.3973	0.0897
-0.6421	0.0157
-0.0556	0.1815
-0.4203	0.1203
-0.6294	0.0846
0.0922	0.1101
-0.3463	-0.0021
-0.6064	-0.1245
-0.7263	0.0616
1.3162	-0.0735
1.0714	-0.0098
0.7552	-0.1117
0.1560	0.2477
-0.2341	0.0897
-0.5580	0.0208
-0.6625	0.1177
1.0587	-0.4534
0.8496	-0.2851
0.1840	0.1534
-0.2851	0.0004
-0.5733	-0.1015
-0.7237	-0.0531
1.3137	-0.1219
1.0791	-0.0225
0.7731	-0.1143
0.1483	0.2426
-0.2469	0.0897
-0.5529	0.0208
-0.6421	0.1458
1.0255	-0.4432
0.6991	-0.2061
-0.0837	0.3599
0.3472	-0.1015
-0.1015	0.2324
-0.3591	0.1611
-0.5529	0.1611
-0.1729	0.2324
-0.4203	0.1840
-0.5095	0.2197
-0.0556	0.1636
-0.4279	0.0999
-0.6549	0.0540
0.1203	0.0795
-0.3208	-0.0505
-0.5784	-0.1653
-0.7441	-0.2061
1.2856	0.0132
1.0026	-0.0072
0.6226	-0.0378
0.5155	0.1534
-0.1959	-0.3590
-0.6957	-0.4049
0.7756	0.2503
-0.3744	-0.5579
0.5206	0.2503
-0.1041	-0.1551
-0.3897	-0.2876
