0.5206	-0.1423
0.6813	0.0489
1.1479	0.0948
0.9796	-0.1831
0.2758	0.1534
-0.0148	-0.1576
-0.1245	-0.4100
1.2984	0.1509
1.1403	-0.0964
0.9771	-0.2647
-0.1245	0.3472
-0.3412	0.1228
-0.4687	-0.1780
-0.5860	-0.2469
1.3162	-0.4228
0.2758	0.0948
0.0056	-0.2188
-0.2341	-0.5247
0.6889	0.1509
-0.5733	-0.3871
0.8649	0.1738
1.2219	0.0897
1.0791	-0.1908
0.6354	-0.0913
0.5359	0.0922
-0.1423	-0.5426
0.2223	0.3421
-0.0709	0.0667
-0.2520	-0.1449
-0.2647	-0.3641
-0.5631	0.1687
-0.1474	0.2401
-0.4101	-0.0021
-0.4534	-0.3157
-0.5911	0.1177
-0.0531	0.2197
-0.3412	0.0055
-0.3999	-0.2902
-0.5223	-0.4253
1.1632	0.1815
1.0561	-0.0837
0.7068	-0.1219
0.2656	0.2120
-0.0429	-0.0735
-0.1500	-0.2800
-0.3081	-0.5043
0.8088	0.1228
1.1224	0.0693
0.9465	-0.1857
0.1458	0.2248
-0.1627	-0.0021
-0.2749	-0.2214
-0.2953	-0.4483
1.3315	0.1126
1.2040	-0.0684
1.1071	-0.2851
0.3880	0.0387
-0.0072	-0.4483
0.6277	0.1356
-0.2520	-0.5655
0.1789	0.3701
-0.0888	0.0820
-0.2877	-0.1143
-0.2902	-0.3565
-0.6370	-0.2316
1.3621	0.1305
1.2474	-0.0251
1.1632	-0.2494
0.8470	-0.2341
-0.2851	0.4007
-0.1321	0.1916
-0.3744	-0.0403
-0.4177	-0.3361
-0.6013	0.0718
0.1738	0.1101
-0.0811	-0.1321
-0.1372	-0.3335
-0.6039	-0.3692
1.0663	0.1865
1.0000	-0.0633
0.6354	-0.0684
0.6736	0.0438
1.0740	0.0667
0.8776	-0.1551
0.1126	0.2630
-0.2061	0.0259
-0.3208	-0.2112
-0.3514	-0.4483
1.3647	0.0820
1.2448	-0.0429
1.1607	-0.2723
0.7858	-0.2137
-0.2035	0.3982
-0.2137	0.1916
-0.4305	-0.0760
-0.4687	-0.3488
0.5002	-0.0913
1.0128	0.0540
0.7960	-0.1015
0.2503	0.2018
-0.0633	-0.0633
-0.1627	-0.2723
-0.3132	-0.4967
0.8623	0.1305
0.9975	0.0004
0.7017	-0.0735
0.4645	0.1126
0.0566	-0.3922
0.7603	0.0922
1.0893	0.0693
0.8776	-0.1627
0.0795	0.2656
-0.2239	0.0489
-0.3565	-0.2137
-0.3795	-0.4279
1.3443	0.1330
1.1913	-0.0556
1.1097	-0.2876
0.3880	0.0387
-0.0174	-0.4381
0.6507	0.1381
-0.4560	-0.5145
0.5487	0.2222
0.1305	-0.3157
1.0791	0.1203
0.8980	-0.1372
0.2325	0.1840
-0.0709	-0.0760
-0.1653	-0.2774
-0.3693	-0.5018
0.8470	0.1305
1.0485	0.0234
0.7858	-0.1245
0.1407	0.2605
-0.1729	0.0208
-0.3055	-0.2010
-0.3183	-0.4304
1.4208	-0.0505
1.3341	-0.0939
1.2780	-0.1729
1.2499	-0.3004
1.0816	-0.3743
-0.1245	0.3166
-0.3616	0.0922
-0.4789	-0.2061
-0.6090	-0.1321
0.9439	-0.3743
-0.5835	0.2911
1.4208	0.0693
1.3570	-0.0760
1.2780	-0.1245
1.2601	-0.2774
1.1556	-0.3718
0.2223	0.1432
-0.0709	-0.1245
-0.1576	-0.3463
-0.5172	0.2018
-0.2214	0.2528
-0.4585	-0.0123
-0.5223	-0.2953
0.1228	0.1432
-0.1525	-0.0709
-0.2188	-0.2647
-0.2953	-0.4890
1.0026	0.1330
0.9133	-0.0735
0.3957	0.0973
0.0566	-0.3361
1.3111	0.1203
1.1479	-0.1092
1.0102	-0.2774
-0.0454	0.2962
-0.3259	0.0744
-0.4407	-0.2163
-0.5605	-0.3259
1.4004	0.0438
1.3035	-0.0429
1.2142	-0.2112
1.1479	-0.3412
0.2962	0.0999
0.0005	-0.2519
-0.3922	-0.5196
0.6940	0.1534
-0.5350	-0.4559
0.7221	0.1891
-0.3769	-0.5579
0.3447	0.3038
0.0056	-0.0327
-0.1245	-0.2367
-0.2188	-0.4712
1.0000	0.1279
0.8955	-0.0811
0.3549	0.1305
0.0413	-0.2570
-0.5605	-0.4049
0.9465	0.1738
1.0281	0.0055
0.7323	-0.1066
0.2886	0.2044
-0.0352	-0.0939
-0.1423	-0.3157
-0.5095	-0.4534
0.9057	0.1534
1.0230	0.0106
0.7221	-0.1117
0.3039	0.1916
-0.0148	-0.1219
-0.1117	-0.3437
-0.3693	0.2834
-0.4789	0.1126
-0.5784	-0.0888
-0.3846	0.2605
-0.5299	0.0489
-0.5911	-0.0709
-0.2010	0.2656
-0.4585	0.0132
-0.5146	-0.2978
-0.3081	0.2962
-0.5044	0.0438
-0.5937	-0.1959
-0.0327	0.2299
-0.3463	0.0106
-0.4101	-0.2774
-0.4968	-0.4355
1.1632	0.1738
1.0383	-0.0964
0.6864	-0.1117
0.3523	0.1713
0.0311	-0.1729
-0.1296	-0.4559
0.9618	0.1126
0.8547	-0.0684
0.3880	0.1075
0.0489	-0.3029
0.5818	-0.1398
0.4671	0.1254
0.0591	-0.3871
0.8470	0.0897
0.8623	-0.0327
0.5104	0.0463
-0.3489	-0.5528
0.4186	0.2681
0.0617	-0.1168
-0.0735	-0.3769
1.3443	-0.3641
0.8343	-0.2545
-0.3718	0.4058
0.3166	-0.0047
-0.0174	-0.4381
0.7552	0.0973
1.1173	0.0769
0.9388	-0.1806
0.1585	0.2171
-0.1525	-0.0200
-0.2571	-0.2341
-0.3081	-0.4585
1.2448	0.1636
1.0944	-0.0990
0.8139	-0.1959
-0.0913	0.3676
-0.3004	0.1432
-0.4611	-0.1500
-0.5478	-0.3412
1.4055	-0.2367
1.2525	-0.3769
0.5997	-0.1041
0.5334	0.0897
-0.1245	-0.5349
0.2095	0.3395
-0.0862	0.0693
-0.2698	-0.1372
-0.2877	-0.3718
-0.6115	0.0540
0.6787	-0.2137
-0.1296	0.3931
-0.2571	0.1815
-0.4636	-0.0939
-0.4993	-0.3565
1.0791	-0.4253
-0.4687	0.3497
0.3370	-0.0021
-0.0276	-0.4559
0.6405	0.1305
-0.4381	-0.5502
0.4492	0.2579
0.0999	-0.1423
-0.1117	-0.4585
0.8470	0.0948
0.9159	-0.0276
0.5334	0.0259
-0.5580	0.1636
0.1330	0.1279
-0.1321	-0.0964
-0.1959	-0.2978
-0.3616	-0.5094
0.8547	0.1330
1.0434	0.0208
0.7756	-0.1245
0.1687	0.2579
-0.1576	0.0106
-0.2800	-0.1984
-0.2877	-0.4253
1.3570	-0.3412
0.8649	-0.2800
-0.3999	0.4058
0.4186	-0.0811
0.4951	-0.0735
1.1556	0.1075
0.9898	-0.1729
0.3268	0.0999
0.0285	-0.2596
-0.5503	-0.4304
0.8980	0.1662
1.0714	0.0336
0.8496	-0.1525
0.0642	0.2911
-0.2545	0.0642
-0.3846	-0.1984
-0.4228	-0.4279
1.3621	0.0973
1.2321	-0.0403
1.1479	-0.2774
0.7017	-0.1627
0.0591	0.3064
-0.2239	0.0922
-0.3897	-0.1831
-0.4101	-0.4100
1.4157	-0.0811
1.3519	-0.1347
1.3060	-0.1678
1.2754	-0.2672
1.2372	-0.3590
0.7935	-0.2239
-0.2851	0.3982
0.0005	0.1534
-0.2494	-0.0505
-0.3055	-0.2927
-0.4917	-0.4432
1.0587	0.1738
0.9567	-0.0709
0.5104	0.0132
-0.6294	-0.0531
1.4361	-0.2061
1.2550	-0.3896
0.5844	-0.1015
0.6226	0.0616
0.9516	-0.3590
-0.5478	0.2987
1.4641	-0.1500
1.2729	-0.3998
0.6991	-0.1831
-0.0148	0.3599
-0.2571	0.1279
-0.4279	-0.1449
-0.4764	-0.3692
1.4284	-0.1551
1.3545	-0.2392
1.3264	-0.2672
1.3086	-0.3131
1.1811	-0.3871
0.2707	0.1126
-0.0097	-0.2137
-0.2239	-0.4941
0.7858	0.1203
1.1607	0.0922
0.9873	-0.1857
0.2376	0.1611
-0.0658	-0.1168
-0.1525	-0.3463
-0.6141	0.0030
1.0918	-0.4508
-0.5376	0.3064
1.1148	-0.4763
-0.5656	0.2554
1.3672	-0.4202
0.2937	0.0693
0.0183	-0.2774
-0.6370	-0.1908
1.3443	0.1687
1.2142	-0.0123
1.0995	-0.2698
0.5232	-0.0403
1.3035	0.1305
1.1275	-0.1347
0.9082	-0.2570
-0.2061	0.3752
-0.2749	0.1789
-0.4687	-0.1066
-0.5376	-0.2978
1.1709	-0.4508
-0.3514	0.3472
-0.2571	0.2248
-0.4687	-0.0582
-0.5376	-0.3004
0.6634	-0.2137
-0.0684	0.3778
-0.2775	0.1509
-0.4560	-0.1270
-0.4993	-0.3667
1.3392	-0.3871
0.6430	-0.1551
0.2376	0.2452
-0.0888	-0.0200
-0.2163	-0.2188
-0.2469	-0.4381
1.3723	0.0387
1.2448	-0.0633
1.1887	-0.2596
0.9261	-0.2978
-0.3157	0.3778
-0.1168	0.1942
-0.3693	-0.0352
-0.4152	-0.3259
-0.6039	0.0795
0.1687	0.1126
-0.0862	-0.1296
-0.1525	-0.3284
-0.5707	-0.4075
0.9822	0.1713
0.9873	-0.0352
0.6328	-0.0505
0.7323	0.0234
0.8215	-0.0072
0.5793	0.0310
1.3264	-0.4151
0.6736	-0.1729
0.0719	0.3115
-0.2265	0.0795
-0.3846	-0.1729
-0.4101	-0.4202
1.4157	-0.1219
1.3596	-0.1653
1.3188	-0.1857
1.3137	-0.2341
1.2856	-0.3157
1.1811	-0.3922
0.3370	0.0667
0.0260	-0.3412
1.3825	0.0616
1.2346	-0.0556
1.1607	-0.2927
0.7450	-0.2035
-0.1398	0.3752
-0.2392	0.1687
-0.4356	-0.1015
-0.4917	-0.3412
1.1658	-0.4508
-0.3259	0.3574
-0.2979	0.2120
-0.4840	-0.0607
-0.5580	-0.2545
0.8572	-0.3284
-0.5325	0.3548
1.4386	-0.2749
0.8419	-0.2902
-0.4203	0.3931
0.6430	-0.2316
-0.1143	0.3956
-0.2316	0.1764
-0.4407	-0.0913
-0.4815	-0.3667
0.8955	-0.3361
-0.5401	0.3472
1.4233	-0.3080
0.7348	-0.2137
-0.1908	0.4134
-0.1984	0.1865
-0.4177	-0.0607
-0.4509	-0.3386
0.1254	0.1432
-0.1525	-0.0735
-0.2290	-0.2596
-0.2928	-0.4814
1.0383	0.1381
0.9261	-0.1015
0.3906	0.1024
0.0540	-0.3259
1.3825	0.0132
1.2627	-0.0607
1.2015	-0.2570
0.9975	-0.3284
-0.2418	0.3650
-0.3208	0.1891
-0.4993	-0.1041
-0.5860	-0.2443
1.0536	-0.4279
-0.5299	0.3242
1.0485	-0.4585
-0.6115	0.2197
1.3800	0.1534
1.2958	-0.0021
1.1887	-0.2035
1.0791	-0.3284
0.0005	0.2656
-0.2928	0.0514
-0.4075	-0.2316
-0.5172	-0.3820
1.2958	0.1662
1.1505	-0.0607
1.0102	-0.2647
0.0387	0.2732
-0.2724	0.0463
-0.3897	-0.2239
-0.4713	-0.4279
1.2703	0.1840
1.1097	-0.0862
0.9184	-0.2316
-0.1321	0.3523
-0.3285	0.1407
-0.4917	-0.1627
-0.5835	-0.2519
1.3315	-0.4075
0.4747	-0.0276
0.1432	0.1330
-0.1347	-0.0990
-0.2035	-0.3029
-0.4024	-0.5094
0.8700	0.1432
1.0179	0.0106
0.7425	-0.1092
0.2707	0.2120
-0.0505	-0.0913
-0.1551	-0.2953
-0.3871	-0.5120
0.8215	0.1458
1.1683	0.0897
1.0102	-0.1933
0.3574	0.0871
0.0285	-0.3080
0.5818	-0.1423
0.4594	0.1305
0.0693	-0.3616
0.9618	0.0948
0.8139	-0.0684
0.3600	0.1330
0.0438	-0.2443
-0.4713	-0.4916
0.7552	0.1534
0.0922	0.1636
-0.1908	-0.0505
-0.2647	-0.2647
-0.3565	-0.4788
1.0434	0.1611
0.9363	-0.0811
0.4212	0.0846
0.0234	-0.3998
0.8547	0.0922
0.8649	-0.0302
0.4875	0.0514
-0.2035	-0.5579
0.2784	0.3166
-0.0454	0.0157
-0.2061	-0.1831
-0.2341	-0.3973
0.5155	-0.1015
0.9286	0.0336
0.6813	-0.0378
0.6991	0.0310
0.9388	0.0208
0.6481	-0.0327
0.7807	0.0234
0.7093	0.0004
0.7807	0.0106
0.6634	0.0208
0.9541	0.0310
0.6685	-0.0556
0.6328	0.0540
1.4029	0.0387
1.2423	-0.0582
1.1836	-0.2927
0.8725	-0.2749
-0.3514	0.3778
0.2350	0.0412
-0.0123	-0.2851
-0.6115	-0.2443
1.2423	0.2171
1.1071	-0.0556
0.8776	-0.2188
-0.1143	0.3472
-0.3055	0.1330
-0.4636	-0.1525
-0.5605	-0.2749
1.3825	-0.3565
0.8878	-0.3055
-0.4279	0.3778
0.6379	-0.2265
-0.1041	0.3854
-0.2239	0.1687
-0.4279	-0.0939
-0.4738	-0.3514
0.9082	-0.3590
-0.5503	0.3268
1.4514	-0.2239
1.0587	-0.3794
-0.3157	0.3599
-0.2469	0.2120
-0.4611	-0.0505
-0.5223	-0.3029
0.6915	-0.2137
-0.1347	0.3982
-0.2367	0.1789
-0.4483	-0.0837
-0.4866	-0.3514
0.8011	-0.2927
-0.4585	0.3956
0.9873	-0.4228
-0.6447	0.1687
1.1836	0.2477
1.1326	-0.0047
0.9592	-0.2214
0.0413	0.2783
-0.2673	0.0540
-0.3897	-0.2112
-0.4662	-0.4279
1.2856	0.1585
1.1403	-0.0709
0.9592	-0.2647
-0.0531	0.3115
-0.3157	0.0897
-0.4636	-0.2137
-0.5733	-0.3004
1.4208	-0.0531
1.3417	-0.1143
1.2831	-0.1576
1.2678	-0.2723
1.2040	-0.3616
0.5283	-0.0556
1.0000	0.0616
0.7552	-0.0964
0.3090	0.1764
0.0005	-0.1423
-0.1321	-0.4049
1.3290	0.1152
1.1760	-0.0735
1.0510	-0.2953
0.1407	0.2018
-0.1653	-0.0403
-0.2673	-0.2545
-0.3667	-0.4610
1.0816	0.1687
0.9490	-0.0964
0.4186	0.0667
-0.0097	-0.4406
0.6405	0.1228
-0.4585	-0.5094
0.5512	0.2299
0.1356	-0.2953
1.1734	0.1356
1.0000	-0.1525
0.4365	0.0387
-0.1066	-0.5043
0.3804	0.2554
0.0387	-0.1092
-0.0964	-0.3539
0.2172	0.1024
-0.0429	-0.1576
-0.1423	-0.3998
1.3902	-0.2545
1.2984	-0.3386
1.0179	-0.3514
-0.3055	0.3650
-0.2316	0.2018
-0.4483	-0.0556
-0.5044	-0.3131
0.6099	-0.1780
0.2350	0.2426
-0.0964	-0.0200
-0.2265	-0.2137
-0.2469	-0.4279
1.4055	-0.0556
1.3213	-0.0939
1.2703	-0.1831
1.2423	-0.3106
0.9771	-0.3233
-0.3310	0.3650
-0.0862	0.1916
-0.3514	-0.0378
-0.3999	-0.3182
-0.6268	-0.0454
0.9771	-0.3973
-0.5886	0.2809
1.4386	0.0208
1.3672	-0.1372
1.3111	-0.1372
1.2831	-0.2214
1.2729	-0.3182
1.1097	-0.3871
-0.0250	0.2656
-0.3055	0.0438
-0.4101	-0.2341
-0.5631	-0.3310
1.3723	0.1203
1.2372	-0.0225
1.1428	-0.2647
0.7323	-0.1831
-0.0505	0.3650
-0.2622	0.1407
-0.4407	-0.1423
-0.5019	-0.3539
1.4106	-0.2570
1.2474	-0.3871
0.6277	-0.1245
0.3778	0.1687
0.0413	-0.2163
-0.2902	-0.5247
0.6405	0.1611
-0.1143	-0.5426
0.0693	0.4083
-0.0811	0.1203
-0.3157	-0.0837
-0.3463	-0.3361
-0.6217	-0.2112
1.3774	0.0820
1.2627	-0.0327
1.1811	-0.2316
0.9541	-0.3004
-0.2775	0.3676
-0.2443	0.1942
-0.4611	-0.0684
-0.5146	-0.3080
0.7323	-0.2418
-0.3055	0.4185
0.1101	0.1075
-0.1423	-0.1066
-0.1984	-0.2978
-0.4330	-0.5069
0.8547	0.1432
1.0714	0.0361
0.8521	-0.1653
0.0795	0.2834
-0.2367	0.0514
-0.3769	-0.1984
-0.4203	-0.4355
1.3545	0.0922
1.2142	-0.0531
1.1352	-0.2749
0.6456	-0.1321
0.2962	0.2044
-0.0301	-0.0964
-0.1372	-0.3208
-0.5529	-0.3896
0.9975	0.1840
0.9873	-0.0327
0.5971	-0.0429
0.8853	0.0183
0.6481	-0.0047
0.9057	0.0183
0.6303	-0.0200
0.8980	0.0285
0.6252	-0.0098
0.9592	0.0361
0.6915	-0.0582
0.5487	0.0718
-0.3948	-0.5324
0.4900	0.2299
0.1152	-0.2443
-0.6064	0.0514
1.0026	-0.4100
-0.5988	0.2452
1.3851	0.1560
1.2958	0.0183
1.1811	-0.2061
1.0357	-0.3386
-0.0786	0.2962
-0.3412	0.0795
-0.4662	-0.2061
-0.6039	-0.1704
1.2576	-0.4686
0.0209	0.2452
-0.2800	0.0310
-0.3897	-0.2367
-0.5095	-0.4049
1.2346	0.1815
1.0867	-0.0811
0.8139	-0.1908
-0.0811	0.3523
-0.2851	0.1483
-0.4687	-0.1347
-0.5605	-0.3182
1.3978	-0.2723
1.2244	-0.3871
0.5130	-0.0480
1.2525	0.1279
1.0740	-0.1653
0.7017	-0.1525
0.1330	0.2707
-0.1678	0.0412
-0.3183	-0.1933
-0.3489	-0.4202
1.4106	-0.0505
1.3162	-0.0786
1.2550	-0.1857
1.2295	-0.3335
0.9363	-0.3208
-0.3591	0.3650
0.1024	0.1126
-0.1525	-0.1117
-0.2188	-0.3182
-0.5401	-0.4075
1.0077	0.1738
0.9643	-0.0403
0.5665	-0.0072
1.2729	0.1254
1.0944	-0.1551
0.7782	-0.1933
-0.1143	0.3727
-0.2647	0.1611
-0.4407	-0.1168
-0.5197	-0.3259
1.3545	-0.3896
0.6813	-0.1857
-0.0021	0.3395
-0.2494	0.1203
-0.4177	-0.1525
-0.4738	-0.3871
1.4310	-0.1219
1.3570	-0.1755
1.3264	-0.1780
1.3086	-0.2290
1.3035	-0.2876
1.2703	-0.3590
0.9465	-0.3335
-0.3871	0.3676
0.3166	-0.0149
-0.0429	-0.4483
0.6787	0.1152
-0.3667	0.2834
-0.4381	0.1432
-0.5503	-0.0556
-0.5044	0.1738
-0.4636	0.1891
-0.5452	0.0412
-0.5452	0.1101
-0.4432	0.2273
-0.5427	0.0565
-0.5809	0.0667
-0.3795	0.2605
-0.5427	0.0310
-0.6039	-0.0556
-0.1245	0.2528
-0.4126	0.0132
-0.4764	-0.2953
-0.6243	0.0106
0.6022	-0.1653
0.2962	0.2248
-0.0480	-0.0684
-0.1653	-0.2519
-0.2520	-0.4890
0.9694	0.1305
0.8776	-0.0684
0.4237	0.0795
0.0260	-0.3973
0.9082	0.0897
0.8062	-0.0556
0.4467	0.0999
0.0285	-0.4024
0.8164	0.0922
0.9184	-0.0021
0.5742	0.0055
1.3545	0.0820
1.1734	-0.1015
1.0587	-0.3055
0.1509	0.1815
-0.1551	-0.0582
-0.2545	-0.2647
-0.3718	-0.4788
1.0281	0.1585
0.9210	-0.0862
0.4110	0.0846
0.0260	-0.3871
0.9363	0.0948
0.8139	-0.0607
0.3982	0.1126
0.0540	-0.3157
1.3825	-0.3208
1.1760	-0.3973
0.1713	0.1713
-0.1245	-0.0811
-0.2214	-0.2876
-0.3871	-0.4788
0.9159	0.1407
0.9465	-0.0302
0.5640	-0.0072
1.2984	0.1203
1.1326	-0.1321
0.8955	-0.2469
-0.2137	0.3701
-0.2571	0.1840
-0.4560	-0.0786
-0.5350	-0.3131
1.0740	-0.4355
-0.4840	0.3319
0.6736	-0.2316
-0.2214	0.4185
-0.0633	0.1713
-0.3208	-0.0429
-0.3667	-0.3055
-0.6090	-0.3029
1.2958	0.1713
1.1530	-0.0429
1.0128	-0.2596
0.1126	0.2324
-0.2112	0.0004
-0.3234	-0.2341
-0.3769	-0.4508
1.2448	0.1636
1.0893	-0.0964
0.8088	-0.1933
-0.0888	0.3548
-0.2979	0.1356
-0.4636	-0.1423
-0.5478	-0.3208
1.3978	-0.2647
1.2270	-0.3794
0.4696	-0.0200
-0.4024	0.2758
-0.4330	0.1713
-0.5580	-0.0454
-0.5503	0.1203
-0.3769	0.2554
-0.5376	0.0208
-0.6064	-0.0658
-0.0811	0.2375
-0.3718	0.0208
-0.4432	-0.2927
-0.6345	-0.2265
1.4080	-0.0811
1.3519	-0.1678
1.2933	-0.1959
1.2754	-0.2749
1.2295	-0.3539
0.7348	-0.1984
-0.1321	0.3956
-0.2265	0.1789
-0.4381	-0.0811
-0.4917	-0.3361
0.9694	-0.3845
-0.5554	0.3166
1.4029	-0.3590
0.5614	-0.1041
0.6915	0.0387
1.0000	0.0361
0.7450	-0.0939
0.3166	0.1713
0.0056	-0.1423
-0.1372	-0.4075
1.3978	0.0208
1.2627	-0.0531
1.1964	-0.2519
1.0077	-0.3284
-0.2239	0.3472
-0.3336	0.1611
-0.4968	-0.1168
-0.5911	-0.1933
0.9898	-0.3973
-0.5631	0.3064
1.4361	-0.2341
1.1097	-0.3947
-0.1933	0.3319
-0.3744	0.1407
-0.5172	-0.1576
-0.6141	-0.0531
0.4390	-0.0607
0.4977	-0.0709
1.1734	0.1126
0.9975	-0.1729
0.3651	0.0744
0.0336	-0.3335
1.4157	-0.1551
1.3494	-0.1602
1.3035	-0.1729
1.3035	-0.2341
1.2907	-0.3182
1.1913	-0.3845
0.3855	0.0208
-0.0786	-0.4712
0.5461	0.1764
0.0897	-0.3845
0.6940	0.1050
1.3341	-0.4024
0.8062	-0.2418
-0.3489	0.4007
0.4008	-0.0633
-0.6243	-0.0352
1.4463	-0.1551
1.3519	-0.2876
1.3035	-0.3386
1.1887	-0.3922
0.3345	0.0718
0.0132	-0.3310
1.1683	-0.4508
-0.2239	0.3242
-0.3871	0.1279
-0.5223	-0.1500
-0.5937	-0.0072
0.1866	0.0922
-0.0684	-0.1500
-0.1398	-0.3692
0.3166	0.0310
0.0234	-0.3769
